G01	51721679	52848173	1
G02	31776168	33282905	1
G03	50586100	51738296	1
G04	35899825	38221890	1
G05	33405615	34658812	1
G06	29969969	32707481	1
M01	29501545	31621464	1
M02	34844015	36593232	1
M03	54221892	55335032	1
M04	40910611	42379928	1
M05	33215227	33923991	1
M06	29031581	30624427	1
G02	537436	949316	1
G02	24476203	25027540	1
G05	14943605	15344676	1
G06	8844951	8943185	1
G06	26125599	27223832	1
M02	1528120	2857257	1
M02	26673364	27897859	1
M05	15013665	15659889	1
M06	15057397	15451961	1
M06	26255620	26622326	1