G01	0	500000	0.2250620
G01	500000	1000000	0.3042120
G01	1000000	1500000	0.3618460
G01	1500000	2000000	0.2659800
G01	2000000	2500000	0.3311800
G01	2500000	3000000	0.4262620
G01	3000000	3500000	0.3127960
G01	3500000	4000000	0.1204140
G01	4000000	4500000	0.2763760
G01	4500000	5000000	0.0697780
G01	5000000	5500000	0.3419200
G01	5500000	6000000	0.2608840
G01	6000000	6500000	0.2993080
G01	6500000	7000000	0.3101720
G01	7000000	7500000	0.2066740
G01	7500000	8000000	0.4081620
G01	8000000	8500000	0.3399140
G01	8500000	9000000	0.4120400
G01	9000000	9500000	0.3181380
G01	9500000	10000000	0.2500940
G01	10000000	10500000	0.1819080
G01	10500000	11000000	0.2002120
G01	11000000	11500000	0.3566660
G01	11500000	12000000	0.2657720
G01	12000000	12500000	0.2106780
G01	12500000	13000000	0.2763120
G01	13000000	13500000	0.2082780
G01	13500000	14000000	0.1623540
G01	14000000	14500000	0.1904160
G01	14500000	15000000	0.1589960
G01	15000000	15500000	0.2913520
G01	15500000	16000000	0.2820640
G01	16000000	16500000	0.2488840
G01	16500000	17000000	0.2436100
G01	17000000	17500000	0.2929180
G01	17500000	18000000	0.0799080
G01	18000000	18500000	0.3426420
G01	18500000	19000000	0.2620300
G01	19000000	19500000	0.2541180
G01	19500000	20000000	0.2566780
G01	20000000	20500000	0.2189840
G01	20500000	21000000	0.1539000
G01	21000000	21500000	0.2590500
G01	21500000	22000000	0.2699220
G01	22000000	22500000	0.1988140
G01	22500000	23000000	0.2079960
G01	23000000	23500000	0.1135860
G01	23500000	24000000	0.1091920
G01	24000000	24500000	0.0795180
G01	24500000	25000000	0.2869940
G01	25000000	25500000	0.1463500
G01	25500000	26000000	0.2170000
G01	26000000	26500000	0.1032540
G01	26500000	27000000	0.1152180
G01	27000000	27500000	0.0986900
G01	27500000	28000000	0.0791160
G01	28000000	28500000	0.0784340
G01	28500000	29000000	0.1132080
G01	29000000	29500000	0.2951960
G01	29500000	30000000	0.1663280
G01	30000000	30500000	0.1579980
G01	30500000	31000000	0.1075480
G01	31000000	31500000	0.0813680
G01	31500000	32000000	0.1767440
G01	32000000	32500000	0.1586760
G01	32500000	33000000	0.1823300
G01	33000000	33500000	0.1158300
G01	33500000	34000000	0.2242740
G01	34000000	34500000	0.1826160
G01	34500000	35000000	0.2565820
G01	35000000	35500000	0.1743000
G01	35500000	36000000	0.1654480
G01	36000000	36500000	0.2593700
G01	36500000	37000000	0.2517380
G01	37000000	37500000	0.1984240
G01	37500000	38000000	0.1423940
G01	38000000	38500000	0.2635240
G01	38500000	39000000	0.1795180
G01	39000000	39500000	0.0435660
G01	39500000	40000000	0.0538400
G01	40000000	40500000	0.0846220
G01	40500000	41000000	0.0590940
G01	41000000	41500000	0.1348680
G01	41500000	42000000	0.1379620
G01	42000000	42500000	0.2308680
G01	42500000	43000000	0.0844280
G01	43000000	43500000	0.1089920
G01	43500000	44000000	0.1110840
G01	44000000	44500000	0.1195880
G01	44500000	45000000	0.1019660
G01	45000000	45500000	0.1708240
G01	45500000	46000000	0.2194460
G01	46000000	46500000	0.1319360
G01	46500000	47000000	0.2121320
G01	47000000	47500000	0.1762460
G01	47500000	48000000	0.1173000
G01	48000000	48500000	0.1270100
G01	48500000	49000000	0.1083860
G01	49000000	49500000	0.0968520
G01	49500000	50000000	0.0483280
G01	50000000	50500000	0.0858460
G01	50500000	51000000	0.0538060
G01	51000000	51500000	0.0992920
G01	51500000	52000000	0.1308820
G01	52000000	52500000	0.0056280
G01	52500000	53000000	0.0398980
G01	53000000	53500000	0.1666100
G01	53500000	54000000	0.0681620
G01	54000000	54500000	0.1292520
G01	54500000	55000000	0.2881440
G01	55000000	55500000	0.1266280
G01	55500000	56000000	0.1566060
G01	56000000	56500000	0.0768860
G01	56500000	57000000	0.1491600
G01	57000000	57500000	0.1512940
G01	57500000	58000000	0.1186780
G01	58000000	58500000	0.1423720
G01	58500000	59000000	0.1220540
G01	59000000	59500000	0.1238680
G01	59500000	60000000	0.1912600
G01	60000000	60500000	0.2855960
G01	60500000	61000000	0.2876420
G01	61000000	61500000	0.0656660
G01	61500000	62000000	0.1541640
G01	62000000	62500000	0.0985420
G01	62500000	63000000	0.1609140
G01	63000000	63500000	0.1234760
G01	63500000	64000000	0.0450260
G01	64000000	64500000	0.0937100
G01	64500000	65000000	0.1927740
G01	65000000	65500000	0.2818940
G01	65500000	66000000	0.1871100
G01	66000000	66500000	0.1120040
G01	66500000	67000000	0.1065020
G01	67000000	67500000	0.0878380
G01	67500000	68000000	0.2130400
G01	68000000	68500000	0.1589560
G01	68500000	69000000	0.1429740
G01	69000000	69500000	0.2354700
G01	69500000	70000000	0.2690020
G01	70000000	70500000	0.2075900
G01	70500000	71000000	0.0765120
G01	71000000	71500000	0.2775560
G01	71500000	72000000	0.1892980
G01	72000000	72500000	0.1633600
G01	72500000	73000000	0.1691720
G01	73000000	73500000	0.0340320
G01	73500000	74000000	0.1428200
G01	74000000	74500000	0.2310880
G01	74500000	75000000	0.2468720
G01	75000000	75500000	0.2455660
G01	75500000	76000000	0.1635200
G01	76000000	76500000	0.2614820
G01	76500000	77000000	0.2223140
G01	77000000	77500000	0.2919280
G01	77500000	78000000	0.4821540
G01	78000000	78500000	0.3158380
G01	78500000	79000000	0.3629820
G01	79000000	79500000	0.2600940
G01	79500000	80000000	0.2739000
G01	80000000	80500000	0.2807340
G01	80500000	81000000	0.2864680
G01	81000000	81500000	0.2288820
G01	81500000	82000000	0.2640360
G01	82000000	82500000	0.1736320
G01	82500000	83000000	0.3200760
G01	83000000	83500000	0.1797440
G01	83500000	84000000	0.2614720
G01	84000000	84500000	0.3059560
G01	84500000	85000000	0.2795640
G01	85000000	85500000	0.3940200
G01	85500000	86000000	0.2646060
G01	86000000	86500000	0.2828860
G01	86500000	87000000	0.2776420
G01	87000000	87500000	0.4031720
G01	87500000	88000000	0.4154020
G01	88000000	88500000	0.2396620
G01	88500000	89000000	0.2854120
G01	89000000	89500000	0.2117740
G01	89500000	90000000	0.2662040
G01	90000000	90500000	0.3239980
G01	90500000	91000000	0.2145480
G01	91000000	91500000	0.3571820
G01	91500000	92000000	0.3476080
G01	92000000	92500000	0.3109540
G01	92500000	93000000	0.3616660
G01	93000000	93500000	0.3695380
G01	93500000	94000000	0.3205660
G01	94000000	94500000	0.3477740
G01	94500000	95000000	0.2617660
G01	95000000	95500000	0.2903280
G01	95500000	96000000	0.1499400
G01	96000000	96500000	0.3343580
G01	96500000	97000000	0.3280180
G01	97000000	97500000	0.2131820
G01	97500000	98000000	0.3003800
G01	98000000	98500000	0.3440280
G01	98500000	99000000	0.3541600
G01	99000000	99500000	0.3845760
G01	99500000	100000000	0.3457920
G01	100000000	100500000	0.4800500
G01	100500000	101000000	0.3476240
G01	101000000	101500000	0.3563160
G01	101500000	102000000	0.3193460
G01	102000000	102500000	0.2861240
G01	102500000	103000000	0.3427500
G01	103000000	103500000	0.2284780
G01	103500000	104000000	0.2665400
G01	104000000	104500000	0.3000900
G01	104500000	105000000	0.3008780
G01	105000000	105500000	0.2188900
G01	105500000	106000000	0.4305240
G01	106000000	106500000	0.2536260
G01	106500000	107000000	0.2866640
G01	107000000	107500000	0.3059040
G01	107500000	108000000	0.3711240
G01	108000000	108500000	0.3622520
G01	108500000	109000000	0.4270680
G01	109000000	109500000	0.3579700
G01	109500000	110000000	0.3291060
G01	110000000	110500000	0.3628220
G01	110500000	111000000	0.3632440
G01	111000000	111500000	0.3065740
G01	111500000	112000000	0.4454660
G01	112000000	112500000	0.3304880
G01	112500000	113000000	0.3968760
G01	113000000	113500000	0.3895740
G01	113500000	114000000	0.1890140
G01	114000000	114500000	0.3286440
G01	114500000	115000000	0.4157260
G01	115000000	115500000	0.3696000
G01	115500000	116000000	0.3457180
G01	116000000	116500000	0.3934260
G01	116500000	117000000	0.3124040
G01	117000000	117500000	0.2370680
G01	117500000	118000000	0.2137020
G01	118000000	118500000	0.5309980
G01	118500000	119000000	0.2802080
G01	119000000	119500000	0.2621700
G01	119500000	120000000	0.3351680
G01	120000000	120500000	0.3857260
G01	120500000	121000000	0.3636320
G01	121000000	121500000	0.3773900
G01	121500000	122000000	0.2664320
G01	122000000	122500000	0.3453380
G01	122500000	123000000	0.3392420
G01	123000000	123500000	0.3927520
G01	123500000	124000000	0.3411400
G01	124000000	124500000	0.2927280
G01	124500000	125000000	0.3479380
G01	125000000	125500000	0.3912900
G01	125500000	126000000	0.3926240
G01	126000000	126500000	0.3251620
G01	126500000	127000000	0.3745100
G01	127000000	127500000	0.4118080
G01	127500000	128000000	0.3827600
G01	128000000	128500000	0.3854880
G01	128500000	129000000	0.3466140
G01	129000000	129500000	0.4534820
G01	129500000	130000000	0.4092660
G01	130000000	130500000	0.2149060
G01	130500000	131000000	0.2615660
G01	131000000	131500000	0.4636240
G01	131500000	132000000	0.4542040
G01	132000000	132500000	0.3362240
G01	132500000	133000000	0.4103840
G01	133000000	133500000	0.4006160
G01	133500000	134000000	0.4011100
G01	134000000	134500000	0.4681680
G01	134500000	135000000	0.4684080
G01	135000000	135500000	0.3442900
G01	135500000	136000000	0.4855380
G01	136000000	136500000	0.4187020
G01	136500000	137029037	0.3878576
G02	0	500000	0.0515440
G02	500000	1000000	0.0028300
G02	1000000	1500000	0.1187680
G02	1500000	2000000	0.2208220
G02	2000000	2500000	0.1754700
G02	2500000	3000000	0.1802200
G02	3000000	3500000	0.1998880
G02	3500000	4000000	0.0474620
G02	4000000	4500000	0.1632160
G02	4500000	5000000	0.1152360
G02	5000000	5500000	0.1829040
G02	5500000	6000000	0.1698800
G02	6000000	6500000	0.1127460
G02	6500000	7000000	0.0935020
G02	7000000	7500000	0.1564600
G02	7500000	8000000	0.2318420
G02	8000000	8500000	0.1416480
G02	8500000	9000000	0.1161400
G02	9000000	9500000	0.1639620
G02	9500000	10000000	0.0440820
G02	10000000	10500000	0.1036500
G02	10500000	11000000	0.1379780
G02	11000000	11500000	0.0949900
G02	11500000	12000000	0.0813660
G02	12000000	12500000	0.1661920
G02	12500000	13000000	0.1749780
G02	13000000	13500000	0.2147260
G02	13500000	14000000	0.2145960
G02	14000000	14500000	0.0428260
G02	14500000	15000000	0.0764080
G02	15000000	15500000	0.0876940
G02	15500000	16000000	0.1457160
G02	16000000	16500000	0.1610860
G02	16500000	17000000	0.2098260
G02	17000000	17500000	0.1558420
G02	17500000	18000000	0.1817160
G02	18000000	18500000	0.0507300
G02	18500000	19000000	0.1109420
G02	19000000	19500000	0.1676440
G02	19500000	20000000	0.1231420
G02	20000000	20500000	0.2047080
G02	20500000	21000000	0.0768480
G02	21000000	21500000	0.0559560
G02	21500000	22000000	0.0915860
G02	22000000	22500000	0.1931080
G02	22500000	23000000	0.1742200
G02	23000000	23500000	0.0377980
G02	23500000	24000000	0.0934960
G02	24000000	24500000	0.0730200
G02	24500000	25000000	0.0000000
G02	25000000	25500000	0.1017100
G02	25500000	26000000	0.1079620
G02	26000000	26500000	0.1502140
G02	26500000	27000000	0.1026960
G02	27000000	27500000	0.0346980
G02	27500000	28000000	0.0427040
G02	28000000	28500000	0.0506040
G02	28500000	29000000	0.1249580
G02	29000000	29500000	0.1308460
G02	29500000	30000000	0.1916400
G02	30000000	30500000	0.0532620
G02	30500000	31000000	0.0096380
G02	31000000	31500000	0.0300660
G02	31500000	32000000	0.1129260
G02	32000000	32500000	0.0961720
G02	32500000	33000000	0.0150580
G02	33000000	33500000	0.0266860
G02	33500000	34000000	0.1086480
G02	34000000	34500000	0.0336000
G02	34500000	35000000	0.0513680
G02	35000000	35500000	0.0561240
G02	35500000	36000000	0.1164680
G02	36000000	36500000	0.1500220
G02	36500000	37000000	0.2396200
G02	37000000	37500000	0.0689280
G02	37500000	38000000	0.1781200
G02	38000000	38500000	0.1166700
G02	38500000	39000000	0.1431740
G02	39000000	39500000	0.1476320
G02	39500000	40000000	0.2496660
G02	40000000	40500000	0.2103080
G02	40500000	41000000	0.1145340
G02	41000000	41500000	0.1680540
G02	41500000	42000000	0.0884100
G02	42000000	42500000	0.0652760
G02	42500000	43000000	0.0702980
G02	43000000	43500000	0.1543360
G02	43500000	44000000	0.1391880
G02	44000000	44500000	0.1193460
G02	44500000	45000000	0.0902440
G02	45000000	45500000	0.2280360
G02	45500000	46000000	0.1237120
G02	46000000	46500000	0.1379800
G02	46500000	47000000	0.1115860
G02	47000000	47500000	0.0623360
G02	47500000	48000000	0.1408180
G02	48000000	48500000	0.0858320
G02	48500000	49000000	0.1838500
G02	49000000	49500000	0.1484240
G02	49500000	50000000	0.1224480
G02	50000000	50500000	0.1427960
G02	50500000	51000000	0.1596880
G02	51000000	51500000	0.1729200
G02	51500000	52000000	0.1605620
G02	52000000	52500000	0.2544240
G02	52500000	53000000	0.2968040
G02	53000000	53500000	0.1724560
G02	53500000	54000000	0.1288680
G02	54000000	54500000	0.1096360
G02	54500000	55000000	0.0952720
G02	55000000	55500000	0.2901180
G02	55500000	56000000	0.2765800
G02	56000000	56500000	0.1944920
G02	56500000	57000000	0.1087800
G02	57000000	57500000	0.2154060
G02	57500000	58000000	0.1758400
G02	58000000	58500000	0.2747140
G02	58500000	59000000	0.2803880
G02	59000000	59500000	0.1170620
G02	59500000	60000000	0.4122300
G02	60000000	60500000	0.1555260
G02	60500000	61000000	0.2670300
G02	61000000	61500000	0.2370740
G02	61500000	62000000	0.2381980
G02	62000000	62500000	0.2417720
G02	62500000	63000000	0.2943580
G02	63000000	63500000	0.2035120
G02	63500000	64000000	0.1298960
G02	64000000	64500000	0.3006400
G02	64500000	65000000	0.1508940
G02	65000000	65500000	0.2425180
G02	65500000	66000000	0.3066420
G02	66000000	66500000	0.1405040
G02	66500000	67000000	0.2744020
G02	67000000	67500000	0.3249180
G02	67500000	68000000	0.3165520
G02	68000000	68500000	0.1998200
G02	68500000	69000000	0.3550520
G02	69000000	69500000	0.4250960
G02	69500000	70000000	0.2852680
G02	70000000	70500000	0.3189240
G02	70500000	71000000	0.3706600
G02	71000000	71500000	0.3698400
G02	71500000	72000000	0.5074540
G02	72000000	72500000	0.2701100
G02	72500000	73000000	0.3889460
G02	73000000	73500000	0.3003540
G02	73500000	74000000	0.2910400
G02	74000000	74500000	0.3254760
G02	74500000	75000000	0.3478120
G02	75000000	75500000	0.4022320
G02	75500000	76000000	0.3377860
G02	76000000	76500000	0.3383980
G02	76500000	77000000	0.3677560
G02	77000000	77500000	0.3059600
G02	77500000	78000000	0.3760380
G02	78000000	78500000	0.3459340
G02	78500000	79000000	0.3542800
G02	79000000	79500000	0.4050700
G02	79500000	80000000	0.3881400
G02	80000000	80500000	0.3379620
G02	80500000	81000000	0.3508800
G02	81000000	81500000	0.4732160
G02	81500000	82000000	0.4786540
G02	82000000	82500000	0.4627340
G02	82500000	83000000	0.4883940
G02	83000000	83500000	0.4050020
G02	83500000	84000000	0.4070480
G02	84000000	84500000	0.3003380
G02	84500000	85000000	0.3662660
G02	85000000	85500000	0.3578500
G02	85500000	86000000	0.3910080
G02	86000000	86500000	0.3378440
G02	86500000	87000000	0.3240340
G02	87000000	87500000	0.4962980
G02	87500000	88000000	0.4109560
G02	88000000	88500000	0.4073240
G02	88500000	89000000	0.3778460
G02	89000000	89500000	0.4404800
G02	89500000	90000000	0.5257320
G02	90000000	90500000	0.3579900
G02	90500000	91084032	0.4678425
G03	0	500000	0.3984440
G03	500000	1000000	0.4184100
G03	1000000	1500000	0.3512800
G03	1500000	2000000	0.4415140
G03	2000000	2500000	0.3336060
G03	2500000	3000000	0.4561620
G03	3000000	3500000	0.3780480
G03	3500000	4000000	0.4446140
G03	4000000	4500000	0.3718280
G03	4500000	5000000	0.4071740
G03	5000000	5500000	0.3750920
G03	5500000	6000000	0.4178660
G03	6000000	6500000	0.3282540
G03	6500000	7000000	0.4437540
G03	7000000	7500000	0.3681580
G03	7500000	8000000	0.4309920
G03	8000000	8500000	0.4928460
G03	8500000	9000000	0.2856600
G03	9000000	9500000	0.3191240
G03	9500000	10000000	0.3780240
G03	10000000	10500000	0.2574300
G03	10500000	11000000	0.1451820
G03	11000000	11500000	0.1229480
G03	11500000	12000000	0.2581920
G03	12000000	12500000	0.4019920
G03	12500000	13000000	0.3915800
G03	13000000	13500000	0.4048380
G03	13500000	14000000	0.3546680
G03	14000000	14500000	0.2921700
G03	14500000	15000000	0.4545180
G03	15000000	15500000	0.4266140
G03	15500000	16000000	0.3463240
G03	16000000	16500000	0.1917340
G03	16500000	17000000	0.3041320
G03	17000000	17500000	0.2680620
G03	17500000	18000000	0.1502780
G03	18000000	18500000	0.1465240
G03	18500000	19000000	0.2774800
G03	19000000	19500000	0.2130100
G03	19500000	20000000	0.2086680
G03	20000000	20500000	0.3516020
G03	20500000	21000000	0.2150660
G03	21000000	21500000	0.2426760
G03	21500000	22000000	0.3028700
G03	22000000	22500000	0.2386600
G03	22500000	23000000	0.2826060
G03	23000000	23500000	0.1315760
G03	23500000	24000000	0.2886900
G03	24000000	24500000	0.2720600
G03	24500000	25000000	0.2482420
G03	25000000	25500000	0.1661800
G03	25500000	26000000	0.2633120
G03	26000000	26500000	0.2229000
G03	26500000	27000000	0.0896340
G03	27000000	27500000	0.2172940
G03	27500000	28000000	0.2371180
G03	28000000	28500000	0.2776680
G03	28500000	29000000	0.0951860
G03	29000000	29500000	0.1926940
G03	29500000	30000000	0.1404900
G03	30000000	30500000	0.2317060
G03	30500000	31000000	0.1751360
G03	31000000	31500000	0.0684080
G03	31500000	32000000	0.1876720
G03	32000000	32500000	0.3219540
G03	32500000	33000000	0.1386680
G03	33000000	33500000	0.1791280
G03	33500000	34000000	0.0689300
G03	34000000	34500000	0.1617920
G03	34500000	35000000	0.2377020
G03	35000000	35500000	0.2160060
G03	35500000	36000000	0.1782180
G03	36000000	36500000	0.1329400
G03	36500000	37000000	0.1557700
G03	37000000	37500000	0.1940000
G03	37500000	38000000	0.1495980
G03	38000000	38500000	0.1700860
G03	38500000	39000000	0.0981500
G03	39000000	39500000	0.1758220
G03	39500000	40000000	0.1566860
G03	40000000	40500000	0.1312220
G03	40500000	41000000	0.1682960
G03	41000000	41500000	0.1811880
G03	41500000	42000000	0.1342260
G03	42000000	42500000	0.1409440
G03	42500000	43000000	0.1347880
G03	43000000	43500000	0.1597360
G03	43500000	44000000	0.1529300
G03	44000000	44500000	0.0971160
G03	44500000	45000000	0.1081920
G03	45000000	45500000	0.0367920
G03	45500000	46000000	0.0691400
G03	46000000	46500000	0.0898480
G03	46500000	47000000	0.0627320
G03	47000000	47500000	0.0504700
G03	47500000	48000000	0.1363020
G03	48000000	48500000	0.0724960
G03	48500000	49000000	0.0878000
G03	49000000	49500000	0.1490660
G03	49500000	50000000	0.0393840
G03	50000000	50500000	0.0862740
G03	50500000	51000000	0.0440460
G03	51000000	51500000	0.0364640
G03	51500000	52000000	0.1186240
G03	52000000	52500000	0.1466360
G03	52500000	53000000	0.1192280
G03	53000000	53500000	0.0821840
G03	53500000	54000000	0.1532000
G03	54000000	54500000	0.1305560
G03	54500000	55000000	0.0996860
G03	55000000	55500000	0.1548240
G03	55500000	56000000	0.1002200
G03	56000000	56500000	0.1203040
G03	56500000	57000000	0.1349360
G03	57000000	57500000	0.0887840
G03	57500000	58000000	0.1299280
G03	58000000	58500000	0.1912100
G03	58500000	59000000	0.1783860
G03	59000000	59500000	0.1081780
G03	59500000	60000000	0.2426540
G03	60000000	60500000	0.1784580
G03	60500000	61000000	0.0772680
G03	61000000	61500000	0.1208280
G03	61500000	62000000	0.1317640
G03	62000000	62500000	0.2152620
G03	62500000	63000000	0.2261120
G03	63000000	63500000	0.1753340
G03	63500000	64000000	0.2869440
G03	64000000	64500000	0.1028720
G03	64500000	65000000	0.0984120
G03	65000000	65500000	0.1227600
G03	65500000	66000000	0.1392540
G03	66000000	66500000	0.1536620
G03	66500000	67000000	0.1789520
G03	67000000	67500000	0.2279360
G03	67500000	68000000	0.1261580
G03	68000000	68500000	0.2576120
G03	68500000	69000000	0.1872160
G03	69000000	69500000	0.2101400
G03	69500000	70000000	0.0723380
G03	70000000	70500000	0.2505820
G03	70500000	71000000	0.2611740
G03	71000000	71500000	0.3882580
G03	71500000	72000000	0.3768580
G03	72000000	72500000	0.3103060
G03	72500000	73000000	0.4014180
G03	73000000	73500000	0.2877180
G03	73500000	74000000	0.3388480
G03	74000000	74500000	0.2675560
G03	74500000	75000000	0.2333740
G03	75000000	75500000	0.2255080
G03	75500000	76000000	0.2613340
G03	76000000	76500000	0.3467380
G03	76500000	77000000	0.2150780
G03	77000000	77500000	0.3181000
G03	77500000	78000000	0.4335440
G03	78000000	78500000	0.3764700
G03	78500000	79000000	0.3649320
G03	79000000	79500000	0.2897400
G03	79500000	80000000	0.2922760
G03	80000000	80500000	0.2732520
G03	80500000	81000000	0.2079260
G03	81000000	81500000	0.2563600
G03	81500000	82000000	0.3730360
G03	82000000	82500000	0.3867300
G03	82500000	83000000	0.3437280
G03	83000000	83500000	0.2642780
G03	83500000	84000000	0.3352620
G03	84000000	84500000	0.3401300
G03	84500000	85000000	0.3405960
G03	85000000	85500000	0.4682660
G03	85500000	86000000	0.2441440
G03	86000000	86500000	0.2838020
G03	86500000	87000000	0.3965180
G03	87000000	87500000	0.2863860
G03	87500000	88000000	0.3422900
G03	88000000	88500000	0.3004960
G03	88500000	89000000	0.3448720
G03	89000000	89500000	0.3545340
G03	89500000	90000000	0.3178460
G03	90000000	90500000	0.4102900
G03	90500000	91000000	0.4175000
G03	91000000	91500000	0.3521580
G03	91500000	92000000	0.4286300
G03	92000000	92500000	0.4619880
G03	92500000	93000000	0.3967520
G03	93000000	93500000	0.3379620
G03	93500000	94000000	0.4121560
G03	94000000	94500000	0.3750940
G03	94500000	95000000	0.5289740
G03	95000000	95500000	0.4262860
G03	95500000	96000000	0.4088760
G03	96000000	96500000	0.2169960
G03	96500000	97000000	0.3612100
G03	97000000	97500000	0.5313680
G03	97500000	98000000	0.4672360
G03	98000000	98500000	0.4765700
G03	98500000	99000000	0.4760660
G03	99000000	99500000	0.4133500
G03	99500000	100000000	0.4383320
G03	100000000	100551728	0.3934529
G04	0	500000	0.3145360
G04	500000	1000000	0.3566180
G04	1000000	1500000	0.4312960
G04	1500000	2000000	0.2975020
G04	2000000	2500000	0.4286260
G04	2500000	3000000	0.4087840
G04	3000000	3500000	0.2874300
G04	3500000	4000000	0.3633100
G04	4000000	4500000	0.3931860
G04	4500000	5000000	0.3845480
G04	5000000	5500000	0.3606100
G04	5500000	6000000	0.1011600
G04	6000000	6500000	0.3529840
G04	6500000	7000000	0.4169040
G04	7000000	7500000	0.2693680
G04	7500000	8000000	0.2504140
G04	8000000	8500000	0.2530580
G04	8500000	9000000	0.3582320
G04	9000000	9500000	0.3155880
G04	9500000	10000000	0.2528800
G04	10000000	10500000	0.1785020
G04	10500000	11000000	0.2579740
G04	11000000	11500000	0.3982600
G04	11500000	12000000	0.3431460
G04	12000000	12500000	0.2325040
G04	12500000	13000000	0.2577840
G04	13000000	13500000	0.2219880
G04	13500000	14000000	0.1904120
G04	14000000	14500000	0.1972320
G04	14500000	15000000	0.2330500
G04	15000000	15500000	0.1578220
G04	15500000	16000000	0.2633960
G04	16000000	16500000	0.2122220
G04	16500000	17000000	0.2110680
G04	17000000	17500000	0.2865880
G04	17500000	18000000	0.2604440
G04	18000000	18500000	0.1967800
G04	18500000	19000000	0.2150100
G04	19000000	19500000	0.2106160
G04	19500000	20000000	0.2221880
G04	20000000	20500000	0.1852660
G04	20500000	21000000	0.2018200
G04	21000000	21500000	0.1622040
G04	21500000	22000000	0.2146800
G04	22000000	22500000	0.0994640
G04	22500000	23000000	0.0787920
G04	23000000	23500000	0.1402840
G04	23500000	24000000	0.1923600
G04	24000000	24500000	0.2757320
G04	24500000	25000000	0.1712680
G04	25000000	25500000	0.2063740
G04	25500000	26000000	0.1579380
G04	26000000	26500000	0.0795200
G04	26500000	27000000	0.1063080
G04	27000000	27500000	0.1944480
G04	27500000	28000000	0.1881640
G04	28000000	28500000	0.0654980
G04	28500000	29000000	0.1933260
G04	29000000	29500000	0.0587900
G04	29500000	30000000	0.0519220
G04	30000000	30500000	0.1276460
G04	30500000	31000000	0.0850140
G04	31000000	31500000	0.1974460
G04	31500000	32000000	0.1480740
G04	32000000	32500000	0.1519560
G04	32500000	33000000	0.1412320
G04	33000000	33500000	0.1242200
G04	33500000	34000000	0.0750240
G04	34000000	34500000	0.1006760
G04	34500000	35000000	0.1345740
G04	35000000	35500000	0.0991040
G04	35500000	36000000	0.0605960
G04	36000000	36500000	0.1128760
G04	36500000	37000000	0.1687800
G04	37000000	37500000	0.0443760
G04	37500000	38000000	0.0095380
G04	38000000	38500000	0.0393840
G04	38500000	39000000	0.0534760
G04	39000000	39500000	0.0400660
G04	39500000	40000000	0.0681940
G04	40000000	40500000	0.1057000
G04	40500000	41000000	0.1373720
G04	41000000	41500000	0.1590460
G04	41500000	42000000	0.0615580
G04	42000000	42500000	0.0809660
G04	42500000	43000000	0.0698840
G04	43000000	43500000	0.1283260
G04	43500000	44000000	0.1080840
G04	44000000	44500000	0.1879800
G04	44500000	45000000	0.1189500
G04	45000000	45500000	0.1902080
G04	45500000	46000000	0.1393540
G04	46000000	46500000	0.0530400
G04	46500000	47000000	0.1358940
G04	47000000	47500000	0.2617100
G04	47500000	48000000	0.1430800
G04	48000000	48500000	0.1046200
G04	48500000	49000000	0.0954360
G04	49000000	49500000	0.0856500
G04	49500000	50000000	0.1357180
G04	50000000	50500000	0.1288960
G04	50500000	51000000	0.0841720
G04	51000000	51500000	0.1407280
G04	51500000	52000000	0.2762300
G04	52000000	52500000	0.1140100
G04	52500000	53000000	0.1546080
G04	53000000	53500000	0.2962000
G04	53500000	54000000	0.0823380
G04	54000000	54500000	0.2943880
G04	54500000	55000000	0.2025240
G04	55000000	55500000	0.2058300
G04	55500000	56000000	0.0854540
G04	56000000	56500000	0.0000000
G04	56500000	57000000	0.0078440
G04	57000000	57500000	0.0525560
G04	57500000	58000000	0.0218280
G04	58000000	58500000	0.1136840
G04	58500000	59000000	0.0623140
G04	59000000	59500000	0.0495420
G04	59500000	60000000	0.0064680
G04	60000000	60500000	0.1053100
G04	60500000	61000000	0.0905300
G04	61000000	61500000	0.0000000
G04	61500000	62000000	0.0026260
G04	62000000	62500000	0.0466680
G04	62500000	63000000	0.0149860
G04	63000000	63500000	0.2178520
G04	63500000	64000000	0.1952040
G04	64000000	64500000	0.3204860
G04	64500000	65000000	0.2440400
G04	65000000	65500000	0.4547580
G04	65500000	66000000	0.3222320
G04	66000000	66500000	0.2294320
G04	66500000	67000000	0.1601980
G04	67000000	67500000	0.2877880
G04	67500000	68000000	0.2362740
G04	68000000	68500000	0.1698940
G04	68500000	69000000	0.3074700
G04	69000000	69500000	0.4350820
G04	69500000	70000000	0.3207680
G04	70000000	70500000	0.4069680
G04	70500000	71000000	0.3165860
G04	71000000	71500000	0.1944920
G04	71500000	72000000	0.3291860
G04	72000000	72500000	0.3949400
G04	72500000	73000000	0.3711080
G04	73000000	73500000	0.3885000
G04	73500000	74000000	0.2461560
G04	74000000	74500000	0.3716140
G04	74500000	75000000	0.4816540
G04	75000000	75500000	0.4796120
G04	75500000	76000000	0.3705480
G04	76000000	76500000	0.2955020
G04	76500000	77000000	0.4841900
G04	77000000	77500000	0.4114580
G04	77500000	78000000	0.4159200
G04	78000000	78500000	0.3441060
G04	78500000	79000000	0.3797700
G04	79000000	79500000	0.4902420
G04	79500000	80000000	0.4390680
G04	80000000	80500000	0.4681400
G04	80500000	81000000	0.5042380
G04	81000000	81500000	0.3761300
G04	81500000	82000000	0.3907400
G04	82000000	82500000	0.5060000
G04	82500000	83000000	0.4435960
G04	83000000	83500000	0.4404800
G04	83500000	84000000	0.4475800
G04	84000000	84500000	0.3571420
G04	84500000	85000000	0.4028760
G04	85000000	85500000	0.4768220
G04	85500000	86000000	0.4848200
G04	86000000	86500000	0.4086140
G04	86500000	87000000	0.4708860
G04	87000000	87868660	0.4743904
G05	0	500000	0.2629100
G05	500000	1000000	0.0871100
G05	1000000	1500000	0.2606440
G05	1500000	2000000	0.2423080
G05	2000000	2500000	0.0589440
G05	2500000	3000000	0.3467080
G05	3000000	3500000	0.2850660
G05	3500000	4000000	0.3130880
G05	4000000	4500000	0.3221500
G05	4500000	5000000	0.3812700
G05	5000000	5500000	0.2287660
G05	5500000	6000000	0.2937500
G05	6000000	6500000	0.1287840
G05	6500000	7000000	0.3658660
G05	7000000	7500000	0.2916520
G05	7500000	8000000	0.2223140
G05	8000000	8500000	0.2136980
G05	8500000	9000000	0.2190020
G05	9000000	9500000	0.2470400
G05	9500000	10000000	0.3010620
G05	10000000	10500000	0.3710360
G05	10500000	11000000	0.4044140
G05	11000000	11500000	0.3175900
G05	11500000	12000000	0.2165000
G05	12000000	12500000	0.3005340
G05	12500000	13000000	0.2230380
G05	13000000	13500000	0.0658180
G05	13500000	14000000	0.2062440
G05	14000000	14500000	0.2443160
G05	14500000	15000000	0.2936920
G05	15000000	15500000	0.0554540
G05	15500000	16000000	0.1505740
G05	16000000	16500000	0.2093560
G05	16500000	17000000	0.1679360
G05	17000000	17500000	0.1822620
G05	17500000	18000000	0.1384140
G05	18000000	18500000	0.2096820
G05	18500000	19000000	0.2144440
G05	19000000	19500000	0.0712100
G05	19500000	20000000	0.1223980
G05	20000000	20500000	0.1702980
G05	20500000	21000000	0.1467340
G05	21000000	21500000	0.0632560
G05	21500000	22000000	0.0986080
G05	22000000	22500000	0.1279880
G05	22500000	23000000	0.1417900
G05	23000000	23500000	0.0400460
G05	23500000	24000000	0.1877060
G05	24000000	24500000	0.1193280
G05	24500000	25000000	0.1969880
G05	25000000	25500000	0.0810640
G05	25500000	26000000	0.1118200
G05	26000000	26500000	0.0783500
G05	26500000	27000000	0.0985180
G05	27000000	27500000	0.1301140
G05	27500000	28000000	0.1054340
G05	28000000	28500000	0.1250720
G05	28500000	29000000	0.0679520
G05	29000000	29500000	0.1134140
G05	29500000	30000000	0.1712940
G05	30000000	30500000	0.1163620
G05	30500000	31000000	0.2330620
G05	31000000	31500000	0.0543680
G05	31500000	32000000	0.2768860
G05	32000000	32500000	0.1539060
G05	32500000	33000000	0.0645320
G05	33000000	33500000	0.1444340
G05	33500000	34000000	0.0088980
G05	34000000	34500000	0.0586620
G05	34500000	35000000	0.0564420
G05	35000000	35500000	0.0561700
G05	35500000	36000000	0.0865340
G05	36000000	36500000	0.0527600
G05	36500000	37000000	0.1829500
G05	37000000	37500000	0.1180620
G05	37500000	38000000	0.0121280
G05	38000000	38500000	0.1128140
G05	38500000	39000000	0.1597160
G05	39000000	39500000	0.2071600
G05	39500000	40000000	0.1959620
G05	40000000	40500000	0.3029760
G05	40500000	41000000	0.1636460
G05	41000000	41500000	0.2876020
G05	41500000	42000000	0.1499820
G05	42000000	42500000	0.1098380
G05	42500000	43000000	0.0920660
G05	43000000	43500000	0.2206820
G05	43500000	44000000	0.2112800
G05	44000000	44500000	0.2283940
G05	44500000	45000000	0.1681400
G05	45000000	45500000	0.1074300
G05	45500000	46000000	0.1935420
G05	46000000	46500000	0.1917480
G05	46500000	47000000	0.2187000
G05	47000000	47500000	0.2140500
G05	47500000	48000000	0.2936400
G05	48000000	48500000	0.2492200
G05	48500000	49000000	0.2454640
G05	49000000	49500000	0.2848640
G05	49500000	50000000	0.2993780
G05	50000000	50500000	0.3051460
G05	50500000	51000000	0.3024920
G05	51000000	51500000	0.3817600
G05	51500000	52000000	0.3901380
G05	52000000	52500000	0.3583940
G05	52500000	53000000	0.3893840
G05	53000000	53500000	0.2850060
G05	53500000	54000000	0.3957800
G05	54000000	54500000	0.2896140
G05	54500000	55000000	0.3736380
G05	55000000	55500000	0.3416300
G05	55500000	56000000	0.3169820
G05	56000000	56500000	0.5123340
G05	56500000	57000000	0.2437840
G05	57000000	57500000	0.2892540
G05	57500000	58000000	0.3034300
G05	58000000	58500000	0.4838440
G05	58500000	59000000	0.3568780
G05	59000000	59500000	0.2942360
G05	59500000	60000000	0.3377260
G05	60000000	60500000	0.3904940
G05	60500000	61000000	0.3904620
G05	61000000	61500000	0.4675800
G05	61500000	62000000	0.3184000
G05	62000000	62500000	0.3817000
G05	62500000	63000000	0.3553360
G05	63000000	63500000	0.4270080
G05	63500000	64000000	0.3569860
G05	64000000	64500000	0.4791860
G05	64500000	65000000	0.3857040
G05	65000000	65500000	0.3378780
G05	65500000	66000000	0.4696240
G05	66000000	66500000	0.5250540
G05	66500000	67000000	0.5018300
G05	67000000	67559672	0.4715941
G06	0	500000	0.1830920
G06	500000	1000000	0.3539580
G06	1000000	1500000	0.2295980
G06	1500000	2000000	0.3447460
G06	2000000	2500000	0.2250100
G06	2500000	3000000	0.3092900
G06	3000000	3500000	0.1999100
G06	3500000	4000000	0.2140440
G06	4000000	4500000	0.3703440
G06	4500000	5000000	0.2085040
G06	5000000	5500000	0.2341560
G06	5500000	6000000	0.1886520
G06	6000000	6500000	0.4093300
G06	6500000	7000000	0.1233000
G06	7000000	7500000	0.2067960
G06	7500000	8000000	0.2753820
G06	8000000	8500000	0.3093760
G06	8500000	9000000	0.2443480
G06	9000000	9500000	0.3063400
G06	9500000	10000000	0.2072040
G06	10000000	10500000	0.1127840
G06	10500000	11000000	0.1946840
G06	11000000	11500000	0.1981180
G06	11500000	12000000	0.1811480
G06	12000000	12500000	0.2459040
G06	12500000	13000000	0.2705760
G06	13000000	13500000	0.2235180
G06	13500000	14000000	0.2603280
G06	14000000	14500000	0.2093900
G06	14500000	15000000	0.1743980
G06	15000000	15500000	0.1321360
G06	15500000	16000000	0.1271660
G06	16000000	16500000	0.1119240
G06	16500000	17000000	0.1045900
G06	17000000	17500000	0.1741860
G06	17500000	18000000	0.0398040
G06	18000000	18500000	0.1195660
G06	18500000	19000000	0.1487340
G06	19000000	19500000	0.0816580
G06	19500000	20000000	0.1973940
G06	20000000	20500000	0.1029620
G06	20500000	21000000	0.1117420
G06	21000000	21500000	0.1378400
G06	21500000	22000000	0.2328960
G06	22000000	22500000	0.2247280
G06	22500000	23000000	0.0877340
G06	23000000	23500000	0.1157520
G06	23500000	24000000	0.1238520
G06	24000000	24500000	0.0963760
G06	24500000	25000000	0.0904980
G06	25000000	25500000	0.1816060
G06	25500000	26000000	0.0113920
G06	26000000	26500000	0.0000000
G06	26500000	27000000	0.0000000
G06	27000000	27500000	0.0361820
G06	27500000	28000000	0.1328340
G06	28000000	28500000	0.0716080
G06	28500000	29000000	0.0969460
G06	29000000	29500000	0.0509060
G06	29500000	30000000	0.1214600
G06	30000000	30500000	0.0237520
G06	30500000	31000000	0.0172240
G06	31000000	31500000	0.0134260
G06	31500000	32000000	0.0099500
G06	32000000	32500000	0.0406760
G06	32500000	33000000	0.0707320
G06	33000000	33500000	0.0714740
G06	33500000	34000000	0.0762960
G06	34000000	34500000	0.0679420
G06	34500000	35000000	0.0412020
G06	35000000	35500000	0.0418820
G06	35500000	36000000	0.1465480
G06	36000000	36500000	0.0792320
G06	36500000	37000000	0.0719620
G06	37000000	37500000	0.0315200
G06	37500000	38000000	0.1347540
G06	38000000	38500000	0.0968220
G06	38500000	39000000	0.1590400
G06	39000000	39500000	0.1410680
G06	39500000	40000000	0.0848900
G06	40000000	40500000	0.1718140
G06	40500000	41000000	0.2511960
G06	41000000	41500000	0.1904660
G06	41500000	42000000	0.2623100
G06	42000000	42500000	0.1305840
G06	42500000	43000000	0.2275800
G06	43000000	43500000	0.2172900
G06	43500000	44000000	0.2339800
G06	44000000	44500000	0.2069740
G06	44500000	45000000	0.3576700
G06	45000000	45500000	0.3247800
G06	45500000	46000000	0.1760080
G06	46000000	46500000	0.2252440
G06	46500000	47000000	0.2309420
G06	47000000	47500000	0.2912320
G06	47500000	48000000	0.3200640
G06	48000000	48500000	0.3295000
G06	48500000	49000000	0.3528320
G06	49000000	49500000	0.4790140
G06	49500000	50000000	0.4374760
G06	50000000	50500000	0.3821080
G06	50500000	51000000	0.3675080
G06	51000000	51500000	0.2962020
G06	51500000	52000000	0.2103000
G06	52000000	52500000	0.2956120
G06	52500000	53000000	0.3036920
G06	53000000	53500000	0.3072060
G06	53500000	54000000	0.1803380
G06	54000000	54500000	0.3150760
G06	54500000	55000000	0.2311060
G06	55000000	55500000	0.2883920
G06	55500000	56000000	0.3639280
G06	56000000	56500000	0.4161380
G06	56500000	57000000	0.5008060
G06	57000000	57500000	0.3612920
G06	57500000	58000000	0.3701200
G06	58000000	58500000	0.3977320
G06	58500000	59000000	0.3351460
G06	59000000	59500000	0.4075280
G06	59500000	60000000	0.4658200
G06	60000000	60500000	0.3088880
G06	60500000	61000000	0.3131040
G06	61000000	61500000	0.3974340
G06	61500000	62000000	0.3780500
G06	62000000	62500000	0.5178560
G06	62500000	63000000	0.1315780
G06	63000000	63500000	0.5191040
G06	63500000	64000000	0.3838020
G06	64000000	64500000	0.4273520
G06	64500000	65000000	0.3921760
G06	65000000	65500000	0.4345860
G06	65500000	66000000	0.3712460
G06	66000000	66500000	0.4020660
G06	66500000	67000000	0.4048260
G06	67000000	67500000	0.4191540
G06	67500000	68019929	0.4057477
M01	0	500000	0.4798380
M01	500000	1000000	0.3180920
M01	1000000	1500000	0.1496300
M01	1500000	2000000	0.0832520
M01	2000000	2500000	0.1152680
M01	2500000	3000000	0.2732220
M01	3000000	3500000	0.1949820
M01	3500000	4000000	0.1829060
M01	4000000	4500000	0.1501660
M01	4500000	5000000	0.0612700
M01	5000000	5500000	0.1778980
M01	5500000	6000000	0.0637780
M01	6000000	6500000	0.0906480
M01	6500000	7000000	0.2715140
M01	7000000	7500000	0.3747220
M01	7500000	8000000	0.0118720
M01	8000000	8500000	0.1858760
M01	8500000	9000000	0.1872000
M01	9000000	9500000	0.1596780
M01	9500000	10000000	0.2201000
M01	10000000	10500000	0.2123380
M01	10500000	11000000	0.1227420
M01	11000000	11500000	0.1662140
M01	11500000	12000000	0.2264040
M01	12000000	12500000	0.2741700
M01	12500000	13000000	0.1374860
M01	13000000	13500000	0.1426640
M01	13500000	14000000	0.1905320
M01	14000000	14500000	0.2847300
M01	14500000	15000000	0.2377860
M01	15000000	15500000	0.1753440
M01	15500000	16000000	0.1752600
M01	16000000	16500000	0.1779740
M01	16500000	17000000	0.1045920
M01	17000000	17500000	0.1361700
M01	17500000	18000000	0.1960780
M01	18000000	18500000	0.0722540
M01	18500000	19000000	0.2189340
M01	19000000	19500000	0.1491720
M01	19500000	20000000	0.1971340
M01	20000000	20500000	0.1239580
M01	20500000	21000000	0.1168320
M01	21000000	21500000	0.1007700
M01	21500000	22000000	0.1043820
M01	22000000	22500000	0.0841460
M01	22500000	23000000	0.1156440
M01	23000000	23500000	0.1950220
M01	23500000	24000000	0.2336840
M01	24000000	24500000	0.0761480
M01	24500000	25000000	0.0438720
M01	25000000	25500000	0.0799600
M01	25500000	26000000	0.0478460
M01	26000000	26500000	0.0589340
M01	26500000	27000000	0.1886480
M01	27000000	27500000	0.0744440
M01	27500000	28000000	0.0325640
M01	28000000	28500000	0.0928080
M01	28500000	29000000	0.0563860
M01	29000000	29500000	0.1022480
M01	29500000	30000000	0.0348860
M01	30000000	30500000	0.0099400
M01	30500000	31000000	0.0000000
M01	31000000	31500000	0.0104040
M01	31500000	32000000	0.0657880
M01	32000000	32500000	0.1326880
M01	32500000	33000000	0.0433860
M01	33000000	33500000	0.1768420
M01	33500000	34000000	0.3042860
M01	34000000	34500000	0.0652660
M01	34500000	35000000	0.1789080
M01	35000000	35500000	0.0686920
M01	35500000	36000000	0.2181180
M01	36000000	36500000	0.1011980
M01	36500000	37000000	0.1223480
M01	37000000	37500000	0.1147880
M01	37500000	38000000	0.1375700
M01	38000000	38500000	0.1704720
M01	38500000	39000000	0.2267600
M01	39000000	39500000	0.0746420
M01	39500000	40000000	0.1515880
M01	40000000	40500000	0.3434520
M01	40500000	41000000	0.1541760
M01	41000000	41500000	0.1476160
M01	41500000	42000000	0.1999160
M01	42000000	42500000	0.0536660
M01	42500000	43000000	0.0458920
M01	43000000	43500000	0.1679600
M01	43500000	44000000	0.1725500
M01	44000000	44500000	0.2311200
M01	44500000	45000000	0.1757700
M01	45000000	45500000	0.1436920
M01	45500000	46000000	0.1187740
M01	46000000	46500000	0.1405300
M01	46500000	47000000	0.2766540
M01	47000000	47500000	0.1448080
M01	47500000	48000000	0.1539200
M01	48000000	48500000	0.4057980
M01	48500000	49000000	0.2592020
M01	49000000	49500000	0.1109220
M01	49500000	50000000	0.2344000
M01	50000000	50500000	0.2016200
M01	50500000	51000000	0.1752000
M01	51000000	51500000	0.1619460
M01	51500000	52000000	0.0342100
M01	52000000	52500000	0.1030800
M01	52500000	53000000	0.2362760
M01	53000000	53500000	0.3735120
M01	53500000	54000000	0.2270200
M01	54000000	54500000	0.1785240
M01	54500000	55000000	0.2667640
M01	55000000	55500000	0.2043600
M01	55500000	56000000	0.2825340
M01	56000000	56500000	0.4466320
M01	56500000	57000000	0.3637960
M01	57000000	57500000	0.2892840
M01	57500000	58000000	0.2893440
M01	58000000	58500000	0.3102620
M01	58500000	59000000	0.2348460
M01	59000000	59500000	0.3562840
M01	59500000	60000000	0.2558440
M01	60000000	60500000	0.2249920
M01	60500000	61000000	0.1614120
M01	61000000	61500000	0.3382500
M01	61500000	62000000	0.1705800
M01	62000000	62500000	0.2577900
M01	62500000	63000000	0.2458500
M01	63000000	63500000	0.3138200
M01	63500000	64000000	0.3846300
M01	64000000	64500000	0.2691240
M01	64500000	65000000	0.2889760
M01	65000000	65500000	0.2724180
M01	65500000	66000000	0.3652820
M01	66000000	66500000	0.4465740
M01	66500000	67000000	0.2496420
M01	67000000	67500000	0.2787560
M01	67500000	68000000	0.2381640
M01	68000000	68500000	0.2740220
M01	68500000	69000000	0.2854880
M01	69000000	69500000	0.3075120
M01	69500000	70000000	0.3611460
M01	70000000	70500000	0.3510260
M01	70500000	71000000	0.3571500
M01	71000000	71500000	0.3595720
M01	71500000	72000000	0.3186020
M01	72000000	72500000	0.3379340
M01	72500000	73000000	0.3517960
M01	73000000	73500000	0.2489800
M01	73500000	74000000	0.2785980
M01	74000000	74500000	0.2087100
M01	74500000	75000000	0.3972360
M01	75000000	75500000	0.3415880
M01	75500000	76000000	0.2290380
M01	76000000	76500000	0.3078020
M01	76500000	77000000	0.4080880
M01	77000000	77500000	0.3026520
M01	77500000	78000000	0.3464900
M01	78000000	78500000	0.4278120
M01	78500000	79000000	0.4448640
M01	79000000	79500000	0.2922060
M01	79500000	80000000	0.3657400
M01	80000000	80500000	0.2594540
M01	80500000	81000000	0.4243860
M01	81000000	81500000	0.2725980
M01	81500000	82000000	0.2917000
M01	82000000	82500000	0.2561580
M01	82500000	83000000	0.3841740
M01	83000000	83500000	0.1914580
M01	83500000	84000000	0.3836620
M01	84000000	84500000	0.3327960
M01	84500000	85000000	0.3514400
M01	85000000	85500000	0.2855480
M01	85500000	86000000	0.3346440
M01	86000000	86500000	0.3769840
M01	86500000	87000000	0.4435800
M01	87000000	87500000	0.4105300
M01	87500000	88000000	0.2872900
M01	88000000	88500000	0.3878440
M01	88500000	89000000	0.3797700
M01	89000000	89500000	0.3443040
M01	89500000	90000000	0.4668300
M01	90000000	90500000	0.3348280
M01	90500000	91000000	0.3403100
M01	91000000	91500000	0.4086400
M01	91500000	92000000	0.3258280
M01	92000000	92500000	0.2398540
M01	92500000	93000000	0.3688880
M01	93000000	93500000	0.4073840
M01	93500000	94000000	0.2010380
M01	94000000	94500000	0.3752780
M01	94500000	95000000	0.3643460
M01	95000000	95500000	0.2885620
M01	95500000	96000000	0.2908640
M01	96000000	96500000	0.3791140
M01	96500000	97000000	0.4160460
M01	97000000	97500000	0.2498340
M01	97500000	98000000	0.3553500
M01	98000000	98500000	0.3902420
M01	98500000	99000000	0.3642540
M01	99000000	99500000	0.3522720
M01	99500000	100000000	0.3019780
M01	100000000	100500000	0.3758800
M01	100500000	101000000	0.2743060
M01	101000000	101500000	0.3850720
M01	101500000	102000000	0.3855320
M01	102000000	102500000	0.3746820
M01	102500000	103000000	0.2814720
M01	103000000	103500000	0.4825600
M01	103500000	104000000	0.1979180
M01	104000000	104500000	0.0000000
M01	104500000	105000000	0.1996060
M01	105000000	105500000	0.3990640
M01	105500000	106000000	0.3429140
M01	106000000	106500000	0.3988680
M01	106500000	107000000	0.3075080
M01	107000000	107500000	0.3705760
M01	107500000	108000000	0.3485280
M01	108000000	108500000	0.4543000
M01	108500000	109000000	0.4042100
M01	109000000	109500000	0.2943780
M01	109500000	110000000	0.2327600
M01	110000000	110500000	0.4099360
M01	110500000	111000000	0.4618300
M01	111000000	111500000	0.3648400
M01	111500000	112000000	0.4185260
M01	112000000	112500000	0.4443800
M01	112500000	113000000	0.4030440
M01	113000000	113500000	0.3768480
M01	113500000	114000000	0.4845600
M01	114000000	114500000	0.4557960
M01	114500000	115000000	0.4783300
M01	115000000	115500000	0.3932860
M01	115500000	116016932	0.3492877
M02	0	500000	0.0670380
M02	500000	1000000	0.0601080
M02	1000000	1500000	0.0655040
M02	1500000	2000000	0.0000000
M02	2000000	2500000	0.0000000
M02	2500000	3000000	0.0105160
M02	3000000	3500000	0.0770640
M02	3500000	4000000	0.0280860
M02	4000000	4500000	0.2372640
M02	4500000	5000000	0.2080240
M02	5000000	5500000	0.2495400
M02	5500000	6000000	0.2120780
M02	6000000	6500000	0.0643280
M02	6500000	7000000	0.0948680
M02	7000000	7500000	0.1627540
M02	7500000	8000000	0.1173180
M02	8000000	8500000	0.1482220
M02	8500000	9000000	0.1652400
M02	9000000	9500000	0.1401600
M02	9500000	10000000	0.1079460
M02	10000000	10500000	0.2611420
M02	10500000	11000000	0.2042180
M02	11000000	11500000	0.0840240
M02	11500000	12000000	0.1425680
M02	12000000	12500000	0.1294680
M02	12500000	13000000	0.1220360
M02	13000000	13500000	0.1053660
M02	13500000	14000000	0.0795720
M02	14000000	14500000	0.1030160
M02	14500000	15000000	0.0923220
M02	15000000	15500000	0.2138400
M02	15500000	16000000	0.2150640
M02	16000000	16500000	0.2306600
M02	16500000	17000000	0.0448640
M02	17000000	17500000	0.0616160
M02	17500000	18000000	0.1252400
M02	18000000	18500000	0.1776880
M02	18500000	19000000	0.1710380
M02	19000000	19500000	0.2157840
M02	19500000	20000000	0.1675240
M02	20000000	20500000	0.1718000
M02	20500000	21000000	0.0946740
M02	21000000	21500000	0.1679740
M02	21500000	22000000	0.2287420
M02	22000000	22500000	0.2047820
M02	22500000	23000000	0.1292980
M02	23000000	23500000	0.0357180
M02	23500000	24000000	0.1263020
M02	24000000	24500000	0.0763940
M02	24500000	25000000	0.2030820
M02	25000000	25500000	0.0607060
M02	25500000	26000000	0.0707160
M02	26000000	26500000	0.0762120
M02	26500000	27000000	0.0228480
M02	27000000	27500000	0.0000000
M02	27500000	28000000	0.0000000
M02	28000000	28500000	0.0809520
M02	28500000	29000000	0.2026020
M02	29000000	29500000	0.0475960
M02	29500000	30000000	0.0885020
M02	30000000	30500000	0.0760340
M02	30500000	31000000	0.0523400
M02	31000000	31500000	0.0738840
M02	31500000	32000000	0.1037480
M02	32000000	32500000	0.1768520
M02	32500000	33000000	0.0846740
M02	33000000	33500000	0.0433320
M02	33500000	34000000	0.0276220
M02	34000000	34500000	0.0954720
M02	34500000	35000000	0.0536680
M02	35000000	35500000	0.0312400
M02	35500000	36000000	0.0441760
M02	36000000	36500000	0.0068360
M02	36500000	37000000	0.0888320
M02	37000000	37500000	0.0524020
M02	37500000	38000000	0.0474420
M02	38000000	38500000	0.0672000
M02	38500000	39000000	0.0392340
M02	39000000	39500000	0.1792580
M02	39500000	40000000	0.0645960
M02	40000000	40500000	0.1170880
M02	40500000	41000000	0.1323140
M02	41000000	41500000	0.1697700
M02	41500000	42000000	0.1037280
M02	42000000	42500000	0.1940360
M02	42500000	43000000	0.1822260
M02	43000000	43500000	0.1552140
M02	43500000	44000000	0.1039740
M02	44000000	44500000	0.2100280
M02	44500000	45000000	0.0823820
M02	45000000	45500000	0.1464960
M02	45500000	46000000	0.1452540
M02	46000000	46500000	0.1655420
M02	46500000	47000000	0.1823200
M02	47000000	47500000	0.1058040
M02	47500000	48000000	0.1068660
M02	48000000	48500000	0.2062440
M02	48500000	49000000	0.1757980
M02	49000000	49500000	0.1399640
M02	49500000	50000000	0.1135180
M02	50000000	50500000	0.1638340
M02	50500000	51000000	0.0629240
M02	51000000	51500000	0.1206180
M02	51500000	52000000	0.2027560
M02	52000000	52500000	0.1735880
M02	52500000	53000000	0.1472280
M02	53000000	53500000	0.0842820
M02	53500000	54000000	0.1694900
M02	54000000	54500000	0.1606820
M02	54500000	55000000	0.1948700
M02	55000000	55500000	0.2185540
M02	55500000	56000000	0.2352840
M02	56000000	56500000	0.0892140
M02	56500000	57000000	0.0958740
M02	57000000	57500000	0.1316160
M02	57500000	58000000	0.2259140
M02	58000000	58500000	0.1812360
M02	58500000	59000000	0.1277940
M02	59000000	59500000	0.2076300
M02	59500000	60000000	0.2340120
M02	60000000	60500000	0.1974360
M02	60500000	61000000	0.0700160
M02	61000000	61500000	0.2895880
M02	61500000	62000000	0.2465660
M02	62000000	62500000	0.1989560
M02	62500000	63000000	0.3464260
M02	63000000	63500000	0.2342940
M02	63500000	64000000	0.2435420
M02	64000000	64500000	0.1798860
M02	64500000	65000000	0.2563440
M02	65000000	65500000	0.2404560
M02	65500000	66000000	0.3124620
M02	66000000	66500000	0.1698720
M02	66500000	67000000	0.1780220
M02	67000000	67500000	0.3014820
M02	67500000	68000000	0.2223100
M02	68000000	68500000	0.2581360
M02	68500000	69000000	0.1625960
M02	69000000	69500000	0.2266060
M02	69500000	70000000	0.2874620
M02	70000000	70500000	0.4080500
M02	70500000	71000000	0.1532060
M02	71000000	71500000	0.2804560
M02	71500000	72000000	0.5115500
M02	72000000	72500000	0.3006760
M02	72500000	73000000	0.2665960
M02	73000000	73500000	0.3759620
M02	73500000	74000000	0.3670840
M02	74000000	74500000	0.4338880
M02	74500000	75000000	0.2391240
M02	75000000	75500000	0.3676780
M02	75500000	76000000	0.2526700
M02	76000000	76500000	0.3859360
M02	76500000	77000000	0.2149140
M02	77000000	77500000	0.3840620
M02	77500000	78000000	0.3738000
M02	78000000	78500000	0.3457220
M02	78500000	79000000	0.3644340
M02	79000000	79500000	0.3875200
M02	79500000	80000000	0.3425200
M02	80000000	80500000	0.4143560
M02	80500000	81000000	0.3817800
M02	81000000	81500000	0.3785540
M02	81500000	82000000	0.4485080
M02	82000000	82500000	0.3712980
M02	82500000	83000000	0.3575780
M02	83000000	83500000	0.3535540
M02	83500000	84000000	0.4399120
M02	84000000	84500000	0.4954020
M02	84500000	85000000	0.4588800
M02	85000000	85500000	0.5091540
M02	85500000	86000000	0.4113440
M02	86000000	86500000	0.4410760
M02	86500000	87000000	0.1769720
M02	87000000	87500000	0.0000000
M02	87500000	88000000	0.0231540
M02	88000000	88500000	0.0000000
M02	88500000	89000000	0.0000000
M02	89000000	89500000	0.0117940
M02	89500000	90000000	0.2060440
M02	90000000	90500000	0.0083360
M02	90500000	91000000	0.0022000
M02	91000000	91500000	0.0000000
M02	91500000	92000000	0.0800620
M02	92000000	92500000	0.3909940
M02	92500000	93000000	0.3649800
M02	93000000	93500000	0.3752260
M02	93500000	94000000	0.3286640
M02	94000000	94500000	0.4323040
M02	94500000	95000000	0.4442860
M02	95000000	95500000	0.4171460
M02	95500000	96000000	0.4993840
M02	96000000	96500000	0.3466280
M02	96500000	97000000	0.2286940
M02	97000000	97500000	0.0000000
M02	97500000	98000000	0.0034580
M02	98000000	98500000	0.2114660
M02	98500000	99000000	0.5116440
M02	99000000	99500000	0.2258160
M02	99500000	100000000	0.2608740
M02	100000000	100500000	0.2478920
M02	100500000	101000000	0.2504100
M02	101000000	101500000	0.2566740
M02	101500000	102000000	0.1051640
M02	102000000	102500000	0.3088340
M02	102500000	103000000	0.3363800
M02	103000000	103500000	0.1317920
M02	103500000	104000000	0.3236800
M02	104000000	104500000	0.2906600
M02	104500000	105000000	0.2085380
M02	105000000	105500000	0.2266000
M02	105500000	106000000	0.1668900
M02	106000000	106500000	0.2215580
M02	106500000	107000000	0.2592520
M02	107000000	107500000	0.2915060
M02	107500000	108000000	0.2195560
M02	108000000	108500000	0.1708560
M02	108500000	109000000	0.1153960
M02	109000000	109500000	0.2642360
M02	109500000	110000000	0.2249960
M02	110000000	110500000	0.2095460
M02	110500000	111000000	0.2318380
M02	111000000	111500000	0.4165100
M02	111500000	112000000	0.2239980
M02	112000000	112500000	0.2107840
M02	112500000	113000000	0.1311320
M02	113000000	113500000	0.3397800
M02	113500000	114000000	0.3691000
M02	114000000	114500000	0.3583220
M02	114500000	115000000	0.3535280
M02	115000000	115500000	0.2392200
M02	115500000	116000000	0.4042140
M02	116000000	116500000	0.3274800
M02	116500000	117000000	0.2000580
M02	117000000	117500000	0.3759800
M02	117500000	118000000	0.0533260
M02	118000000	118500000	0.0000000
M02	118500000	119000000	0.0000000
M02	119000000	119500000	0.0034580
M02	119500000	120000000	0.0000000
M02	120000000	120500000	0.0000000
M02	120500000	121000000	0.1386660
M02	121000000	121500000	0.2628720
M02	121500000	122000000	0.2854860
M02	122000000	122500000	0.3477220
M02	122500000	123000000	0.2944880
M02	123000000	123500000	0.3638760
M02	123500000	124000000	0.2922420
M02	124000000	124500000	0.4183000
M02	124500000	125000000	0.3108080
M02	125000000	125803428	0.0304906
M03	0	500000	0.3394300
M03	500000	1000000	0.4082980
M03	1000000	1500000	0.4220120
M03	1500000	2000000	0.4210400
M03	2000000	2500000	0.1726420
M03	2500000	3000000	0.0000000
M03	3000000	3500000	0.0000000
M03	3500000	4000000	0.0000000
M03	4000000	4500000	0.2439780
M03	4500000	5000000	0.4473140
M03	5000000	5500000	0.3953720
M03	5500000	6000000	0.3636960
M03	6000000	6500000	0.1351660
M03	6500000	7000000	0.0000000
M03	7000000	7500000	0.0000000
M03	7500000	8000000	0.0066680
M03	8000000	8500000	0.1283820
M03	8500000	9000000	0.3935440
M03	9000000	9500000	0.4344100
M03	9500000	10000000	0.3714140
M03	10000000	10500000	0.3690640
M03	10500000	11000000	0.4782460
M03	11000000	11500000	0.3241540
M03	11500000	12000000	0.4740720
M03	12000000	12500000	0.4644260
M03	12500000	13000000	0.4526340
M03	13000000	13500000	0.3854240
M03	13500000	14000000	0.3262160
M03	14000000	14500000	0.3280460
M03	14500000	15000000	0.1832220
M03	15000000	15500000	0.1632800
M03	15500000	16000000	0.1782200
M03	16000000	16500000	0.3031640
M03	16500000	17000000	0.4636960
M03	17000000	17500000	0.4685800
M03	17500000	18000000	0.4332800
M03	18000000	18500000	0.3191800
M03	18500000	19000000	0.3406240
M03	19000000	19500000	0.4522380
M03	19500000	20000000	0.4101240
M03	20000000	20500000	0.2690100
M03	20500000	21000000	0.3108500
M03	21000000	21500000	0.2149640
M03	21500000	22000000	0.2447700
M03	22000000	22500000	0.1561520
M03	22500000	23000000	0.3091660
M03	23000000	23500000	0.2285600
M03	23500000	24000000	0.2671700
M03	24000000	24500000	0.3498360
M03	24500000	25000000	0.2543320
M03	25000000	25500000	0.2751860
M03	25500000	26000000	0.3356700
M03	26000000	26500000	0.2820420
M03	26500000	27000000	0.2565240
M03	27000000	27500000	0.1643980
M03	27500000	28000000	0.2270320
M03	28000000	28500000	0.2758340
M03	28500000	29000000	0.2440540
M03	29000000	29500000	0.1850680
M03	29500000	30000000	0.2577040
M03	30000000	30500000	0.1951800
M03	30500000	31000000	0.0997240
M03	31000000	31500000	0.2639380
M03	31500000	32000000	0.2315240
M03	32000000	32500000	0.2165260
M03	32500000	33000000	0.1978360
M03	33000000	33500000	0.1926140
M03	33500000	34000000	0.1729440
M03	34000000	34500000	0.2476940
M03	34500000	35000000	0.3236600
M03	35000000	35500000	0.0806740
M03	35500000	36000000	0.1836240
M03	36000000	36500000	0.2750220
M03	36500000	37000000	0.1780580
M03	37000000	37500000	0.1841360
M03	37500000	38000000	0.0921120
M03	38000000	38500000	0.1975260
M03	38500000	39000000	0.1572780
M03	39000000	39500000	0.1378280
M03	39500000	40000000	0.1531160
M03	40000000	40500000	0.2063240
M03	40500000	41000000	0.1757880
M03	41000000	41500000	0.1844420
M03	41500000	42000000	0.1248900
M03	42000000	42500000	0.1769760
M03	42500000	43000000	0.1748420
M03	43000000	43500000	0.1876460
M03	43500000	44000000	0.0988320
M03	44000000	44500000	0.1471740
M03	44500000	45000000	0.0962940
M03	45000000	45500000	0.1047580
M03	45500000	46000000	0.1120740
M03	46000000	46500000	0.1632460
M03	46500000	47000000	0.1536700
M03	47000000	47500000	0.1028660
M03	47500000	48000000	0.1650600
M03	48000000	48500000	0.2023180
M03	48500000	49000000	0.0681560
M03	49000000	49500000	0.0274660
M03	49500000	50000000	0.0595640
M03	50000000	50500000	0.1055000
M03	50500000	51000000	0.0625840
M03	51000000	51500000	0.1292640
M03	51500000	52000000	0.0617260
M03	52000000	52500000	0.1086860
M03	52500000	53000000	0.1453960
M03	53000000	53500000	0.0582280
M03	53500000	54000000	0.0329700
M03	54000000	54500000	0.0641700
M03	54500000	55000000	0.0092840
M03	55000000	55500000	0.1351180
M03	55500000	56000000	0.1502320
M03	56000000	56500000	0.1445620
M03	56500000	57000000	0.0705460
M03	57000000	57500000	0.0927500
M03	57500000	58000000	0.1302560
M03	58000000	58500000	0.1527220
M03	58500000	59000000	0.1237720
M03	59000000	59500000	0.0987740
M03	59500000	60000000	0.1503240
M03	60000000	60500000	0.1115000
M03	60500000	61000000	0.2085680
M03	61000000	61500000	0.1701520
M03	61500000	62000000	0.2410520
M03	62000000	62500000	0.0977360
M03	62500000	63000000	0.1320940
M03	63000000	63500000	0.1851800
M03	63500000	64000000	0.1556480
M03	64000000	64500000	0.1181020
M03	64500000	65000000	0.1987860
M03	65000000	65500000	0.1751820
M03	65500000	66000000	0.2596220
M03	66000000	66500000	0.1619020
M03	66500000	67000000	0.2433400
M03	67000000	67500000	0.1275160
M03	67500000	68000000	0.1322520
M03	68000000	68500000	0.1061220
M03	68500000	69000000	0.1555460
M03	69000000	69500000	0.2007160
M03	69500000	70000000	0.0927420
M03	70000000	70500000	0.2546440
M03	70500000	71000000	0.2311860
M03	71000000	71500000	0.1673540
M03	71500000	72000000	0.2531880
M03	72000000	72500000	0.1119920
M03	72500000	73000000	0.1929100
M03	73000000	73500000	0.3136400
M03	73500000	74000000	0.3345680
M03	74000000	74500000	0.3478800
M03	74500000	75000000	0.3060000
M03	75000000	75500000	0.3470980
M03	75500000	76000000	0.1880140
M03	76000000	76500000	0.3504300
M03	76500000	77000000	0.2882020
M03	77000000	77500000	0.3038420
M03	77500000	78000000	0.2321200
M03	78000000	78500000	0.2757220
M03	78500000	79000000	0.3866740
M03	79000000	79500000	0.2249540
M03	79500000	80000000	0.2811900
M03	80000000	80500000	0.3970020
M03	80500000	81000000	0.4313200
M03	81000000	81500000	0.3546840
M03	81500000	82000000	0.2985040
M03	82000000	82500000	0.2933140
M03	82500000	83000000	0.3206000
M03	83000000	83500000	0.3683560
M03	83500000	84000000	0.2809040
M03	84000000	84500000	0.3539580
M03	84500000	85000000	0.3766960
M03	85000000	85500000	0.3471380
M03	85500000	86000000	0.3819780
M03	86000000	86500000	0.3007640
M03	86500000	87000000	0.3298540
M03	87000000	87500000	0.3650820
M03	87500000	88000000	0.3882820
M03	88000000	88500000	0.2423940
M03	88500000	89000000	0.3109180
M03	89000000	89500000	0.4039000
M03	89500000	90000000	0.3747180
M03	90000000	90500000	0.2762000
M03	90500000	91000000	0.2948760
M03	91000000	91500000	0.4072160
M03	91500000	92000000	0.4001840
M03	92000000	92500000	0.3213280
M03	92500000	93000000	0.4572280
M03	93000000	93500000	0.3949380
M03	93500000	94000000	0.3089000
M03	94000000	94500000	0.3875160
M03	94500000	95000000	0.4544880
M03	95000000	95500000	0.3589060
M03	95500000	96000000	0.2900960
M03	96000000	96500000	0.4111780
M03	96500000	97000000	0.4809780
M03	97000000	97500000	0.4904900
M03	97500000	98000000	0.3611460
M03	98000000	98500000	0.4359220
M03	98500000	99000000	0.0079080
M03	99000000	99500000	0.0057980
M03	99500000	100000000	0.0088500
M03	100000000	100500000	0.0000000
M03	100500000	101000000	0.0000000
M03	101000000	101500000	0.0336140
M03	101500000	102000000	0.1834880
M03	102000000	102500000	0.3484120
M03	102500000	103000000	0.5414800
M03	103000000	103500000	0.5454700
M03	103500000	104000000	0.5224940
M03	104000000	104500000	0.4520820
M03	104500000	105000000	0.4601520
M03	105000000	105500000	0.4341980
M03	105500000	106146174	0.3907926
M04	0	500000	0.0060680
M04	500000	1000000	0.0000000
M04	1000000	1500000	0.0154220
M04	1500000	2000000	0.0636720
M04	2000000	2500000	0.0000000
M04	2500000	3000000	0.0169500
M04	3000000	3500000	0.0030340
M04	3500000	4000000	0.0030340
M04	4000000	4500000	0.0000000
M04	4500000	5000000	0.3217620
M04	5000000	5500000	0.3348200
M04	5500000	6000000	0.4378380
M04	6000000	6500000	0.3289280
M04	6500000	7000000	0.4245020
M04	7000000	7500000	0.3892520
M04	7500000	8000000	0.3697400
M04	8000000	8500000	0.3199960
M04	8500000	9000000	0.3686100
M04	9000000	9500000	0.3303620
M04	9500000	10000000	0.4286260
M04	10000000	10500000	0.2214560
M04	10500000	11000000	0.2138820
M04	11000000	11500000	0.4312520
M04	11500000	12000000	0.3342140
M04	12000000	12500000	0.2820920
M04	12500000	13000000	0.2283340
M04	13000000	13500000	0.3229280
M04	13500000	14000000	0.3129060
M04	14000000	14500000	0.2730560
M04	14500000	15000000	0.2910540
M04	15000000	15500000	0.1235120
M04	15500000	16000000	0.3362180
M04	16000000	16500000	0.3531660
M04	16500000	17000000	0.3305760
M04	17000000	17500000	0.1751220
M04	17500000	18000000	0.2845300
M04	18000000	18500000	0.2522060
M04	18500000	19000000	0.2875920
M04	19000000	19500000	0.1673800
M04	19500000	20000000	0.2246740
M04	20000000	20500000	0.2389000
M04	20500000	21000000	0.2341840
M04	21000000	21500000	0.1799940
M04	21500000	22000000	0.2753480
M04	22000000	22500000	0.2974020
M04	22500000	23000000	0.2727640
M04	23000000	23500000	0.2205180
M04	23500000	24000000	0.2351700
M04	24000000	24500000	0.2393600
M04	24500000	25000000	0.1949260
M04	25000000	25500000	0.2035700
M04	25500000	26000000	0.1864020
M04	26000000	26500000	0.2059380
M04	26500000	27000000	0.1300220
M04	27000000	27500000	0.1197340
M04	27500000	28000000	0.1064440
M04	28000000	28500000	0.1420640
M04	28500000	29000000	0.1888640
M04	29000000	29500000	0.2458360
M04	29500000	30000000	0.2411600
M04	30000000	30500000	0.0816460
M04	30500000	31000000	0.1911260
M04	31000000	31500000	0.0558140
M04	31500000	32000000	0.1001000
M04	32000000	32500000	0.1992340
M04	32500000	33000000	0.1883980
M04	33000000	33500000	0.0655540
M04	33500000	34000000	0.1684140
M04	34000000	34500000	0.0556740
M04	34500000	35000000	0.0500680
M04	35000000	35500000	0.1297340
M04	35500000	36000000	0.1003200
M04	36000000	36500000	0.1932900
M04	36500000	37000000	0.1563580
M04	37000000	37500000	0.1664660
M04	37500000	38000000	0.1699220
M04	38000000	38500000	0.1257140
M04	38500000	39000000	0.0939380
M04	39000000	39500000	0.1272300
M04	39500000	40000000	0.1109940
M04	40000000	40500000	0.0652880
M04	40500000	41000000	0.0529080
M04	41000000	41500000	0.1247000
M04	41500000	42000000	0.1796520
M04	42000000	42500000	0.0575960
M04	42500000	43000000	0.0629760
M04	43000000	43500000	0.0352460
M04	43500000	44000000	0.0732420
M04	44000000	44500000	0.1827060
M04	44500000	45000000	0.1587220
M04	45000000	45500000	0.0855020
M04	45500000	46000000	0.0620440
M04	46000000	46500000	0.0643840
M04	46500000	47000000	0.0791160
M04	47000000	47500000	0.1326060
M04	47500000	48000000	0.1254700
M04	48000000	48500000	0.1434640
M04	48500000	49000000	0.1452280
M04	49000000	49500000	0.2792320
M04	49500000	50000000	0.1061100
M04	50000000	50500000	0.0741900
M04	50500000	51000000	0.2089420
M04	51000000	51500000	0.1963380
M04	51500000	52000000	0.2181560
M04	52000000	52500000	0.0938800
M04	52500000	53000000	0.1286140
M04	53000000	53500000	0.1154840
M04	53500000	54000000	0.1551900
M04	54000000	54500000	0.0538520
M04	54500000	55000000	0.1200360
M04	55000000	55500000	0.2217600
M04	55500000	56000000	0.1348180
M04	56000000	56500000	0.0830560
M04	56500000	57000000	0.2233280
M04	57000000	57500000	0.4003680
M04	57500000	58000000	0.1384980
M04	58000000	58500000	0.2657700
M04	58500000	59000000	0.2584960
M04	59000000	59500000	0.2638380
M04	59500000	60000000	0.2524880
M04	60000000	60500000	0.2670680
M04	60500000	61000000	0.3013480
M04	61000000	61500000	0.4354560
M04	61500000	62000000	0.3754700
M04	62000000	62500000	0.2398720
M04	62500000	63000000	0.1639840
M04	63000000	63500000	0.2951200
M04	63500000	64000000	0.2390860
M04	64000000	64500000	0.2086960
M04	64500000	65000000	0.2313440
M04	65000000	65500000	0.2286620
M04	65500000	66000000	0.3760380
M04	66000000	66500000	0.3448820
M04	66500000	67000000	0.4423260
M04	67000000	67500000	0.2682500
M04	67500000	68000000	0.2049020
M04	68000000	68500000	0.3540280
M04	68500000	69000000	0.4723840
M04	69000000	69500000	0.3353960
M04	69500000	70000000	0.4033200
M04	70000000	70500000	0.2662920
M04	70500000	71000000	0.3616620
M04	71000000	71500000	0.5381060
M04	71500000	72000000	0.3733080
M04	72000000	72500000	0.3600720
M04	72500000	73000000	0.3900200
M04	73000000	73500000	0.4812100
M04	73500000	74000000	0.3113020
M04	74000000	74500000	0.3642320
M04	74500000	75000000	0.3824140
M04	75000000	75500000	0.3274080
M04	75500000	76000000	0.5729420
M04	76000000	76500000	0.3536440
M04	76500000	77000000	0.4882000
M04	77000000	77500000	0.4786580
M04	77500000	78000000	0.3524480
M04	78000000	78500000	0.4286400
M04	78500000	79000000	0.5163700
M04	79000000	79500000	0.4398800
M04	79500000	80000000	0.4459860
M04	80000000	80500000	0.4623200
M04	80500000	81000000	0.4384960
M04	81000000	81500000	0.3681920
M04	81500000	82000000	0.4862300
M04	82000000	82500000	0.4277400
M04	82500000	83000000	0.4827160
M04	83000000	83500000	0.5364860
M04	83500000	84000000	0.4855720
M04	84000000	84500000	0.1136460
M04	84500000	85000000	0.0000000
M04	85000000	85500000	0.0000000
M04	85500000	86000000	0.0000000
M04	86000000	86855550	0.0460698
M05	0	500000	0.2511300
M05	500000	1000000	0.0792620
M05	1000000	1500000	0.2129600
M05	1500000	2000000	0.2252840
M05	2000000	2500000	0.1413100
M05	2500000	3000000	0.3012080
M05	3000000	3500000	0.2732760
M05	3500000	4000000	0.3483480
M05	4000000	4500000	0.3695920
M05	4500000	5000000	0.3049700
M05	5000000	5500000	0.2684720
M05	5500000	6000000	0.2733500
M05	6000000	6500000	0.1063660
M05	6500000	7000000	0.3408940
M05	7000000	7500000	0.2610680
M05	7500000	8000000	0.3448080
M05	8000000	8500000	0.2377520
M05	8500000	9000000	0.2153020
M05	9000000	9500000	0.2569800
M05	9500000	10000000	0.3041400
M05	10000000	10500000	0.4195280
M05	10500000	11000000	0.3746220
M05	11000000	11500000	0.3771240
M05	11500000	12000000	0.2624500
M05	12000000	12500000	0.2516500
M05	12500000	13000000	0.2754260
M05	13000000	13500000	0.1465340
M05	13500000	14000000	0.1766080
M05	14000000	14500000	0.1222000
M05	14500000	15000000	0.2759320
M05	15000000	15500000	0.0113500
M05	15500000	16000000	0.1057300
M05	16000000	16500000	0.1894000
M05	16500000	17000000	0.1955880
M05	17000000	17500000	0.1986360
M05	17500000	18000000	0.1870640
M05	18000000	18500000	0.1643020
M05	18500000	19000000	0.1233780
M05	19000000	19500000	0.1858480
M05	19500000	20000000	0.0547900
M05	20000000	20500000	0.0969500
M05	20500000	21000000	0.2103280
M05	21000000	21500000	0.1804680
M05	21500000	22000000	0.0544500
M05	22000000	22500000	0.0554740
M05	22500000	23000000	0.1521820
M05	23000000	23500000	0.1064420
M05	23500000	24000000	0.1449660
M05	24000000	24500000	0.1334440
M05	24500000	25000000	0.1153920
M05	25000000	25500000	0.1496700
M05	25500000	26000000	0.1333060
M05	26000000	26500000	0.1309200
M05	26500000	27000000	0.1214940
M05	27000000	27500000	0.1636780
M05	27500000	28000000	0.0637060
M05	28000000	28500000	0.1674920
M05	28500000	29000000	0.0961820
M05	29000000	29500000	0.1011780
M05	29500000	30000000	0.1394520
M05	30000000	30500000	0.1039100
M05	30500000	31000000	0.2882220
M05	31000000	31500000	0.0990380
M05	31500000	32000000	0.2710240
M05	32000000	32500000	0.1354580
M05	32500000	33000000	0.0808520
M05	33000000	33500000	0.1255320
M05	33500000	34000000	0.0463440
M05	34000000	34500000	0.0727560
M05	34500000	35000000	0.0459560
M05	35000000	35500000	0.0668660
M05	35500000	36000000	0.0933140
M05	36000000	36500000	0.1475380
M05	36500000	37000000	0.0735600
M05	37000000	37500000	0.0699180
M05	37500000	38000000	0.1809540
M05	38000000	38500000	0.2197080
M05	38500000	39000000	0.0931100
M05	39000000	39500000	0.2053960
M05	39500000	40000000	0.1536320
M05	40000000	40500000	0.2889900
M05	40500000	41000000	0.1785920
M05	41000000	41500000	0.1474480
M05	41500000	42000000	0.0821680
M05	42000000	42500000	0.2217280
M05	42500000	43000000	0.1925400
M05	43000000	43500000	0.2227440
M05	43500000	44000000	0.1861720
M05	44000000	44500000	0.1419220
M05	44500000	45000000	0.1982860
M05	45000000	45500000	0.2241320
M05	45500000	46000000	0.2458080
M05	46000000	46500000	0.1338880
M05	46500000	47000000	0.3283400
M05	47000000	47500000	0.1946680
M05	47500000	48000000	0.3037340
M05	48000000	48500000	0.2709380
M05	48500000	49000000	0.3702840
M05	49000000	49500000	0.3269540
M05	49500000	50000000	0.3357320
M05	50000000	50500000	0.3184560
M05	50500000	51000000	0.4801280
M05	51000000	51500000	0.2999840
M05	51500000	52000000	0.1012760
M05	52000000	52500000	0.0000000
M05	52500000	53000000	0.3360340
M05	53000000	53500000	0.1517860
M05	53500000	54000000	0.4245440
M05	54000000	54500000	0.3390280
M05	54500000	55000000	0.3751880
M05	55000000	55500000	0.3213260
M05	55500000	56000000	0.4515480
M05	56000000	56500000	0.2790480
M05	56500000	57000000	0.4725680
M05	57000000	57500000	0.3569400
M05	57500000	58000000	0.3020800
M05	58000000	58500000	0.3825640
M05	58500000	59000000	0.4802720
M05	59000000	59500000	0.3641140
M05	59500000	60000000	0.3826160
M05	60000000	60500000	0.4041600
M05	60500000	61000000	0.4540700
M05	61000000	61500000	0.3862500
M05	61500000	62000000	0.4393720
M05	62000000	62500000	0.3459560
M05	62500000	63000000	0.0000000
M05	63000000	63500000	0.0000000
M05	63500000	64000000	0.0000000
M05	64000000	64500000	0.0000000
M05	64500000	65000000	0.0000000
M05	65000000	65500000	0.2886280
M05	65500000	66000000	0.3899020
M05	66000000	66500000	0.4405780
M05	66500000	67000000	0.3909640
M05	67000000	67500000	0.4328020
M05	67500000	68000000	0.4135780
M05	68000000	68500000	0.3256440
M05	68500000	69000000	0.4925340
M05	69000000	69500000	0.4824620
M05	69500000	70000000	0.4902680
M05	70000000	70500000	0.5481940
M05	70500000	71000000	0.0073780
M05	71000000	71500000	0.0086180
M05	71500000	72000000	0.0000000
M05	72000000	72500000	0.0000000
M05	72500000	73167491	0.0637342
M06	0	500000	0.1705340
M06	500000	1000000	0.3746020
M06	1000000	1500000	0.2210060
M06	1500000	2000000	0.3371020
M06	2000000	2500000	0.2516460
M06	2500000	3000000	0.3075640
M06	3000000	3500000	0.2198500
M06	3500000	4000000	0.2344260
M06	4000000	4500000	0.2498060
M06	4500000	5000000	0.1014260
M06	5000000	5500000	0.2231420
M06	5500000	6000000	0.1052680
M06	6000000	6500000	0.0399940
M06	6500000	7000000	0.1781880
M06	7000000	7500000	0.1226200
M06	7500000	8000000	0.1405060
M06	8000000	8500000	0.1954060
M06	8500000	9000000	0.1488440
M06	9000000	9500000	0.1628720
M06	9500000	10000000	0.2415240
M06	10000000	10500000	0.2846060
M06	10500000	11000000	0.2134780
M06	11000000	11500000	0.2207520
M06	11500000	12000000	0.2283960
M06	12000000	12500000	0.1780900
M06	12500000	13000000	0.2531340
M06	13000000	13500000	0.1536280
M06	13500000	14000000	0.1275280
M06	14000000	14500000	0.1867580
M06	14500000	15000000	0.3313920
M06	15000000	15500000	0.0815920
M06	15500000	16000000	0.2993020
M06	16000000	16500000	0.3438200
M06	16500000	17000000	0.2893540
M06	17000000	17500000	0.1384320
M06	17500000	18000000	0.3039940
M06	18000000	18500000	0.2982000
M06	18500000	19000000	0.1879240
M06	19000000	19500000	0.2194480
M06	19500000	20000000	0.2911520
M06	20000000	20500000	0.3743660
M06	20500000	21000000	0.1736720
M06	21000000	21500000	0.1034140
M06	21500000	22000000	0.1724280
M06	22000000	22500000	0.2383900
M06	22500000	23000000	0.1568840
M06	23000000	23500000	0.0901420
M06	23500000	24000000	0.1186180
M06	24000000	24500000	0.1025220
M06	24500000	25000000	0.1760320
M06	25000000	25500000	0.1956240
M06	25500000	26000000	0.0754160
M06	26000000	26500000	0.0000000
M06	26500000	27000000	0.0403240
M06	27000000	27500000	0.1247160
M06	27500000	28000000	0.0367760
M06	28000000	28500000	0.1615080
M06	28500000	29000000	0.0999760
M06	29000000	29500000	0.0453920
M06	29500000	30000000	0.0139500
M06	30000000	30500000	0.0556660
M06	30500000	31000000	0.0390420
M06	31000000	31500000	0.1180060
M06	31500000	32000000	0.0969880
M06	32000000	32500000	0.0916280
M06	32500000	33000000	0.0977260
M06	33000000	33500000	0.0404840
M06	33500000	34000000	0.1464480
M06	34000000	34500000	0.1097400
M06	34500000	35000000	0.1131180
M06	35000000	35500000	0.0993020
M06	35500000	36000000	0.2000920
M06	36000000	36500000	0.0893660
M06	36500000	37000000	0.1847400
M06	37000000	37500000	0.1735380
M06	37500000	38000000	0.0920700
M06	38000000	38500000	0.1850680
M06	38500000	39000000	0.2379380
M06	39000000	39500000	0.2327820
M06	39500000	40000000	0.2568960
M06	40000000	40500000	0.1309200
M06	40500000	41000000	0.2461380
M06	41000000	41500000	0.2238920
M06	41500000	42000000	0.2038700
M06	42000000	42500000	0.2530540
M06	42500000	43000000	0.3950560
M06	43000000	43500000	0.4017260
M06	43500000	44000000	0.2062340
M06	44000000	44500000	0.1739480
M06	44500000	45000000	0.2398960
M06	45000000	45500000	0.2657140
M06	45500000	46000000	0.2565540
M06	46000000	46500000	0.2675940
M06	46500000	47000000	0.3634720
M06	47000000	47500000	0.5467000
M06	47500000	48000000	0.3900820
M06	48000000	48500000	0.3785300
M06	48500000	49000000	0.3970720
M06	49000000	49500000	0.3716100
M06	49500000	50000000	0.2301500
M06	50000000	50500000	0.2663440
M06	50500000	51000000	0.3103840
M06	51000000	51500000	0.2672700
M06	51500000	52000000	0.2433220
M06	52000000	52500000	0.4092420
M06	52500000	53000000	0.1886140
M06	53000000	53500000	0.2782280
M06	53500000	54000000	0.4335760
M06	54000000	54500000	0.4785480
M06	54500000	55000000	0.4288680
M06	55000000	55500000	0.4067380
M06	55500000	56000000	0.3602780
M06	56000000	56500000	0.2816320
M06	56500000	57000000	0.3916120
M06	57000000	57500000	0.4185440
M06	57500000	58000000	0.5004420
M06	58000000	58500000	0.2604840
M06	58500000	59000000	0.4481560
M06	59000000	59500000	0.3840000
M06	59500000	60000000	0.4208640
M06	60000000	60500000	0.4235040
M06	60500000	61000000	0.3916720
M06	61000000	61500000	0.5018440
M06	61500000	62000000	0.3892460
M06	62000000	62500000	0.4233940
M06	62500000	63000000	0.4437900
M06	63000000	63500000	0.4173960
M06	63500000	64000000	0.4325060
M06	64000000	64500000	0.4685820
M06	64500000	65000000	0.4249260
M06	65000000	65891284	0.4459106
