G01	0	500000	0.2160920
G01	500000	1000000	0.1863220
G01	1000000	1500000	0.0862540
G01	1500000	2000000	0.2262960
G01	2000000	2500000	0.1523100
G01	2500000	3000000	0.1376700
G01	3000000	3500000	0.1463640
G01	3500000	4000000	0.2998820
G01	4000000	4500000	0.3053820
G01	4500000	5000000	0.4326560
G01	5000000	5500000	0.1727000
G01	5500000	6000000	0.1658360
G01	6000000	6500000	0.1706760
G01	6500000	7000000	0.1961220
G01	7000000	7500000	0.2212620
G01	7500000	8000000	0.1274740
G01	8000000	8500000	0.1837540
G01	8500000	9000000	0.1671340
G01	9000000	9500000	0.2222640
G01	9500000	10000000	0.3083160
G01	10000000	10500000	0.2745440
G01	10500000	11000000	0.1697440
G01	11000000	11500000	0.1372920
G01	11500000	12000000	0.2143260
G01	12000000	12500000	0.1762220
G01	12500000	13000000	0.1514220
G01	13000000	13500000	0.1726380
G01	13500000	14000000	0.3052700
G01	14000000	14500000	0.3373700
G01	14500000	15000000	0.1596920
G01	15000000	15500000	0.1860660
G01	15500000	16000000	0.1415680
G01	16000000	16500000	0.2785840
G01	16500000	17000000	0.2514200
G01	17000000	17500000	0.2042580
G01	17500000	18000000	0.3416600
G01	18000000	18500000	0.1305740
G01	18500000	19000000	0.1829080
G01	19000000	19500000	0.2904200
G01	19500000	20000000	0.2466280
G01	20000000	20500000	0.2409780
G01	20500000	21000000	0.2805640
G01	21000000	21500000	0.2102680
G01	21500000	22000000	0.2492920
G01	22000000	22500000	0.2807980
G01	22500000	23000000	0.1872400
G01	23000000	23500000	0.3335060
G01	23500000	24000000	0.2965860
G01	24000000	24500000	0.5272040
G01	24500000	25000000	0.1356240
G01	25000000	25500000	0.2674840
G01	25500000	26000000	0.2037600
G01	26000000	26500000	0.3873460
G01	26500000	27000000	0.3616780
G01	27000000	27500000	0.3891260
G01	27500000	28000000	0.4496080
G01	28000000	28500000	0.5600100
G01	28500000	29000000	0.3807940
G01	29000000	29500000	0.2581120
G01	29500000	30000000	0.3569960
G01	30000000	30500000	0.3029940
G01	30500000	31000000	0.3525620
G01	31000000	31500000	0.3920080
G01	31500000	32000000	0.2493820
G01	32000000	32500000	0.3613320
G01	32500000	33000000	0.2752140
G01	33000000	33500000	0.3686540
G01	33500000	34000000	0.1737500
G01	34000000	34500000	0.2498580
G01	34500000	35000000	0.3673880
G01	35000000	35500000	0.2433980
G01	35500000	36000000	0.2622160
G01	36000000	36500000	0.2493640
G01	36500000	37000000	0.2158840
G01	37000000	37500000	0.4067560
G01	37500000	38000000	0.3116060
G01	38000000	38500000	0.3225520
G01	38500000	39000000	0.4170460
G01	39000000	39500000	0.4788340
G01	39500000	40000000	0.4257200
G01	40000000	40500000	0.5439160
G01	40500000	41000000	0.5687220
G01	41000000	41500000	0.4295600
G01	41500000	42000000	0.3301460
G01	42000000	42500000	0.3391060
G01	42500000	43000000	0.4087940
G01	43000000	43500000	0.4494840
G01	43500000	44000000	0.3900560
G01	44000000	44500000	0.4112540
G01	44500000	45000000	0.3241400
G01	45000000	45500000	0.3722320
G01	45500000	46000000	0.2664560
G01	46000000	46500000	0.2391380
G01	46500000	47000000	0.3011560
G01	47000000	47500000	0.3142720
G01	47500000	48000000	0.3732740
G01	48000000	48500000	0.3709900
G01	48500000	49000000	0.3009200
G01	49000000	49500000	0.3513800
G01	49500000	50000000	0.4278360
G01	50000000	50500000	0.4634860
G01	50500000	51000000	0.3430700
G01	51000000	51500000	0.4435940
G01	51500000	52000000	0.2922940
G01	52000000	52500000	0.1104160
G01	52500000	53000000	0.1617700
G01	53000000	53500000	0.3992300
G01	53500000	54000000	0.5307640
G01	54000000	54500000	0.3492420
G01	54500000	55000000	0.3714620
G01	55000000	55500000	0.2746440
G01	55500000	56000000	0.4691520
G01	56000000	56500000	0.4359600
G01	56500000	57000000	0.4293660
G01	57000000	57500000	0.4368420
G01	57500000	58000000	0.2772720
G01	58000000	58500000	0.3539200
G01	58500000	59000000	0.3271000
G01	59000000	59500000	0.3145400
G01	59500000	60000000	0.3177300
G01	60000000	60500000	0.2521720
G01	60500000	61000000	0.3039640
G01	61000000	61500000	0.3173500
G01	61500000	62000000	0.3525020
G01	62000000	62500000	0.4427620
G01	62500000	63000000	0.2816140
G01	63000000	63500000	0.4213180
G01	63500000	64000000	0.6079220
G01	64000000	64500000	0.4212740
G01	64500000	65000000	0.2694780
G01	65000000	65500000	0.2188160
G01	65500000	66000000	0.2997380
G01	66000000	66500000	0.2865900
G01	66500000	67000000	0.4126360
G01	67000000	67500000	0.4593820
G01	67500000	68000000	0.3316320
G01	68000000	68500000	0.3378620
G01	68500000	69000000	0.2912360
G01	69000000	69500000	0.3740160
G01	69500000	70000000	0.2523560
G01	70000000	70500000	0.2410840
G01	70500000	71000000	0.3888580
G01	71000000	71500000	0.2382880
G01	71500000	72000000	0.2249420
G01	72000000	72500000	0.3000060
G01	72500000	73000000	0.2617420
G01	73000000	73500000	0.4965560
G01	73500000	74000000	0.3252200
G01	74000000	74500000	0.3069360
G01	74500000	75000000	0.2002080
G01	75000000	75500000	0.2030320
G01	75500000	76000000	0.1800240
G01	76000000	76500000	0.2018080
G01	76500000	77000000	0.1913680
G01	77000000	77500000	0.1947360
G01	77500000	78000000	0.1808660
G01	78000000	78500000	0.1189080
G01	78500000	79000000	0.1797940
G01	79000000	79500000	0.1707600
G01	79500000	80000000	0.1073840
G01	80000000	80500000	0.1856260
G01	80500000	81000000	0.2199760
G01	81000000	81500000	0.2957060
G01	81500000	82000000	0.2692660
G01	82000000	82500000	0.1750760
G01	82500000	83000000	0.1319000
G01	83000000	83500000	0.2311320
G01	83500000	84000000	0.2802920
G01	84000000	84500000	0.2494040
G01	84500000	85000000	0.2203660
G01	85000000	85500000	0.2072760
G01	85500000	86000000	0.1546760
G01	86000000	86500000	0.1667820
G01	86500000	87000000	0.1428060
G01	87000000	87500000	0.1072320
G01	87500000	88000000	0.1104280
G01	88000000	88500000	0.2853160
G01	88500000	89000000	0.1644420
G01	89000000	89500000	0.2027640
G01	89500000	90000000	0.1256440
G01	90000000	90500000	0.1917260
G01	90500000	91000000	0.2103300
G01	91000000	91500000	0.1767600
G01	91500000	92000000	0.0990500
G01	92000000	92500000	0.1363960
G01	92500000	93000000	0.1147420
G01	93000000	93500000	0.0858340
G01	93500000	94000000	0.2069880
G01	94000000	94500000	0.1318960
G01	94500000	95000000	0.1288400
G01	95000000	95500000	0.1665840
G01	95500000	96000000	0.2695140
G01	96000000	96500000	0.1506440
G01	96500000	97000000	0.1121520
G01	97000000	97500000	0.2535840
G01	97500000	98000000	0.2442160
G01	98000000	98500000	0.0697180
G01	98500000	99000000	0.1987340
G01	99000000	99500000	0.1107220
G01	99500000	100000000	0.1325840
G01	100000000	100500000	0.0773340
G01	100500000	101000000	0.1251640
G01	101000000	101500000	0.1144320
G01	101500000	102000000	0.1781360
G01	102000000	102500000	0.1294640
G01	102500000	103000000	0.1237540
G01	103000000	103500000	0.3111760
G01	103500000	104000000	0.1833640
G01	104000000	104500000	0.1078220
G01	104500000	105000000	0.1712980
G01	105000000	105500000	0.1799520
G01	105500000	106000000	0.1320580
G01	106000000	106500000	0.1695360
G01	106500000	107000000	0.2377440
G01	107000000	107500000	0.2210940
G01	107500000	108000000	0.1137440
G01	108000000	108500000	0.1534580
G01	108500000	109000000	0.1141600
G01	109000000	109500000	0.1717320
G01	109500000	110000000	0.1075520
G01	110000000	110500000	0.1525400
G01	110500000	111000000	0.1438020
G01	111000000	111500000	0.2471040
G01	111500000	112000000	0.0761620
G01	112000000	112500000	0.1091040
G01	112500000	113000000	0.1038140
G01	113000000	113500000	0.0842340
G01	113500000	114000000	0.2184600
G01	114000000	114500000	0.1229860
G01	114500000	115000000	0.0903520
G01	115000000	115500000	0.1255000
G01	115500000	116000000	0.1760520
G01	116000000	116500000	0.0999540
G01	116500000	117000000	0.2160500
G01	117000000	117500000	0.1943900
G01	117500000	118000000	0.1540040
G01	118000000	118500000	0.1054020
G01	118500000	119000000	0.1467820
G01	119000000	119500000	0.0700000
G01	119500000	120000000	0.1160020
G01	120000000	120500000	0.0940960
G01	120500000	121000000	0.1130540
G01	121000000	121500000	0.1444720
G01	121500000	122000000	0.1349560
G01	122000000	122500000	0.1140940
G01	122500000	123000000	0.1471120
G01	123000000	123500000	0.1690340
G01	123500000	124000000	0.1286820
G01	124000000	124500000	0.1267820
G01	124500000	125000000	0.1207820
G01	125000000	125500000	0.1286940
G01	125500000	126000000	0.0631380
G01	126000000	126500000	0.1161220
G01	126500000	127000000	0.0504920
G01	127000000	127500000	0.0374720
G01	127500000	128000000	0.1123980
G01	128000000	128500000	0.0661640
G01	128500000	129000000	0.1094340
G01	129000000	129500000	0.0542620
G01	129500000	130000000	0.1101380
G01	130000000	130500000	0.2994800
G01	130500000	131000000	0.0989880
G01	131000000	131500000	0.0835640
G01	131500000	132000000	0.1059320
G01	132000000	132500000	0.0865340
G01	132500000	133000000	0.1218700
G01	133000000	133500000	0.0761600
G01	133500000	134000000	0.1181560
G01	134000000	134500000	0.1255640
G01	134500000	135000000	0.0709720
G01	135000000	135500000	0.1701820
G01	135500000	136000000	0.0687260
G01	136000000	136500000	0.0907380
G01	136500000	137029037	0.1769460
G02	0	500000	0.4546460
G02	500000	1000000	0.0953260
G02	1000000	1500000	0.4031260
G02	1500000	2000000	0.2147420
G02	2000000	2500000	0.3663680
G02	2500000	3000000	0.3670500
G02	3000000	3500000	0.3832460
G02	3500000	4000000	0.3844620
G02	4000000	4500000	0.4005840
G02	4500000	5000000	0.3021060
G02	5000000	5500000	0.4091060
G02	5500000	6000000	0.4585280
G02	6000000	6500000	0.3878960
G02	6500000	7000000	0.3761940
G02	7000000	7500000	0.3014560
G02	7500000	8000000	0.3986280
G02	8000000	8500000	0.2632560
G02	8500000	9000000	0.2725940
G02	9000000	9500000	0.3089880
G02	9500000	10000000	0.4291560
G02	10000000	10500000	0.4871200
G02	10500000	11000000	0.3504460
G02	11000000	11500000	0.4818160
G02	11500000	12000000	0.4805980
G02	12000000	12500000	0.3436120
G02	12500000	13000000	0.3250460
G02	13000000	13500000	0.3052620
G02	13500000	14000000	0.3887920
G02	14000000	14500000	0.5032340
G02	14500000	15000000	0.4487240
G02	15000000	15500000	0.2926760
G02	15500000	16000000	0.2878620
G02	16000000	16500000	0.3476440
G02	16500000	17000000	0.2697740
G02	17000000	17500000	0.3436240
G02	17500000	18000000	0.3004200
G02	18000000	18500000	0.5595500
G02	18500000	19000000	0.4719020
G02	19000000	19500000	0.3050440
G02	19500000	20000000	0.3533280
G02	20000000	20500000	0.3666680
G02	20500000	21000000	0.3091980
G02	21000000	21500000	0.4562240
G02	21500000	22000000	0.4147760
G02	22000000	22500000	0.4247260
G02	22500000	23000000	0.3948680
G02	23000000	23500000	0.5085340
G02	23500000	24000000	0.5168760
G02	24000000	24500000	0.4750060
G02	24500000	25000000	0.1055580
G02	25000000	25500000	0.3437220
G02	25500000	26000000	0.4522160
G02	26000000	26500000	0.5507080
G02	26500000	27000000	0.4701180
G02	27000000	27500000	0.6092440
G02	27500000	28000000	0.3929100
G02	28000000	28500000	0.4515720
G02	28500000	29000000	0.4164060
G02	29000000	29500000	0.3933340
G02	29500000	30000000	0.3358020
G02	30000000	30500000	0.4584860
G02	30500000	31000000	0.5093800
G02	31000000	31500000	0.4523220
G02	31500000	32000000	0.4431360
G02	32000000	32500000	0.2928160
G02	32500000	33000000	0.0073860
G02	33000000	33500000	0.2084660
G02	33500000	34000000	0.4560240
G02	34000000	34500000	0.4622460
G02	34500000	35000000	0.4735920
G02	35000000	35500000	0.4685440
G02	35500000	36000000	0.5142940
G02	36000000	36500000	0.4004420
G02	36500000	37000000	0.3711080
G02	37000000	37500000	0.4650700
G02	37500000	38000000	0.3426600
G02	38000000	38500000	0.4513540
G02	38500000	39000000	0.3767300
G02	39000000	39500000	0.2796480
G02	39500000	40000000	0.2200480
G02	40000000	40500000	0.3623960
G02	40500000	41000000	0.4258560
G02	41000000	41500000	0.2747360
G02	41500000	42000000	0.5144020
G02	42000000	42500000	0.5021020
G02	42500000	43000000	0.4248820
G02	43000000	43500000	0.3717840
G02	43500000	44000000	0.3171960
G02	44000000	44500000	0.4210840
G02	44500000	45000000	0.2538200
G02	45000000	45500000	0.2517580
G02	45500000	46000000	0.2931340
G02	46000000	46500000	0.3745260
G02	46500000	47000000	0.4568620
G02	47000000	47500000	0.5038260
G02	47500000	48000000	0.3924980
G02	48000000	48500000	0.3267740
G02	48500000	49000000	0.5023920
G02	49000000	49500000	0.3431080
G02	49500000	50000000	0.4258500
G02	50000000	50500000	0.3615260
G02	50500000	51000000	0.2488880
G02	51000000	51500000	0.2869160
G02	51500000	52000000	0.2823640
G02	52000000	52500000	0.2887280
G02	52500000	53000000	0.3395280
G02	53000000	53500000	0.3487760
G02	53500000	54000000	0.2779320
G02	54000000	54500000	0.3721960
G02	54500000	55000000	0.2751840
G02	55000000	55500000	0.1872560
G02	55500000	56000000	0.2267000
G02	56000000	56500000	0.2222600
G02	56500000	57000000	0.3781080
G02	57000000	57500000	0.2222360
G02	57500000	58000000	0.3108700
G02	58000000	58500000	0.2238240
G02	58500000	59000000	0.2953860
G02	59000000	59500000	0.4201180
G02	59500000	60000000	0.1712280
G02	60000000	60500000	0.2419300
G02	60500000	61000000	0.2729220
G02	61000000	61500000	0.2058620
G02	61500000	62000000	0.1824480
G02	62000000	62500000	0.2227040
G02	62500000	63000000	0.2829980
G02	63000000	63500000	0.2514540
G02	63500000	64000000	0.2730480
G02	64000000	64500000	0.2077440
G02	64500000	65000000	0.3181940
G02	65000000	65500000	0.1853540
G02	65500000	66000000	0.1916500
G02	66000000	66500000	0.2950380
G02	66500000	67000000	0.1466080
G02	67000000	67500000	0.1297740
G02	67500000	68000000	0.1790380
G02	68000000	68500000	0.3047000
G02	68500000	69000000	0.1504100
G02	69000000	69500000	0.1887740
G02	69500000	70000000	0.1917500
G02	70000000	70500000	0.1708960
G02	70500000	71000000	0.1150700
G02	71000000	71500000	0.0866100
G02	71500000	72000000	0.0566840
G02	72000000	72500000	0.1662500
G02	72500000	73000000	0.1719140
G02	73000000	73500000	0.1893040
G02	73500000	74000000	0.1958780
G02	74000000	74500000	0.1677960
G02	74500000	75000000	0.1345740
G02	75000000	75500000	0.1116420
G02	75500000	76000000	0.1728120
G02	76000000	76500000	0.1625820
G02	76500000	77000000	0.1343780
G02	77000000	77500000	0.0643840
G02	77500000	78000000	0.1526580
G02	78000000	78500000	0.1176760
G02	78500000	79000000	0.0686640
G02	79000000	79500000	0.0832340
G02	79500000	80000000	0.1333620
G02	80000000	80500000	0.1253060
G02	80500000	81000000	0.0985840
G02	81000000	81500000	0.0987660
G02	81500000	82000000	0.0420240
G02	82000000	82500000	0.1123400
G02	82500000	83000000	0.0935360
G02	83000000	83500000	0.0708400
G02	83500000	84000000	0.0990020
G02	84000000	84500000	0.1187640
G02	84500000	85000000	0.1382100
G02	85000000	85500000	0.1280320
G02	85500000	86000000	0.0956640
G02	86000000	86500000	0.0962080
G02	86500000	87000000	0.0722140
G02	87000000	87500000	0.0706160
G02	87500000	88000000	0.1191040
G02	88000000	88500000	0.1009000
G02	88500000	89000000	0.1075420
G02	89000000	89500000	0.0866180
G02	89500000	90000000	0.0534440
G02	90000000	90500000	0.1579740
G02	90500000	91084032	0.0983970
G03	0	500000	0.1718820
G03	500000	1000000	0.0817740
G03	1000000	1500000	0.0888880
G03	1500000	2000000	0.0835180
G03	2000000	2500000	0.0784140
G03	2500000	3000000	0.1329060
G03	3000000	3500000	0.1378460
G03	3500000	4000000	0.1373880
G03	4000000	4500000	0.0910260
G03	4500000	5000000	0.1392540
G03	5000000	5500000	0.1040180
G03	5500000	6000000	0.0747920
G03	6000000	6500000	0.2164700
G03	6500000	7000000	0.0734960
G03	7000000	7500000	0.1737620
G03	7500000	8000000	0.1178920
G03	8000000	8500000	0.1052300
G03	8500000	9000000	0.1019540
G03	9000000	9500000	0.2286500
G03	9500000	10000000	0.1375400
G03	10000000	10500000	0.2482920
G03	10500000	11000000	0.2784360
G03	11000000	11500000	0.4213300
G03	11500000	12000000	0.2498600
G03	12000000	12500000	0.0890120
G03	12500000	13000000	0.2008500
G03	13000000	13500000	0.1336060
G03	13500000	14000000	0.1517020
G03	14000000	14500000	0.1772640
G03	14500000	15000000	0.1097300
G03	15000000	15500000	0.1232280
G03	15500000	16000000	0.1211440
G03	16000000	16500000	0.2563120
G03	16500000	17000000	0.2230120
G03	17000000	17500000	0.2165540
G03	17500000	18000000	0.2610320
G03	18000000	18500000	0.3077960
G03	18500000	19000000	0.1174820
G03	19000000	19500000	0.2398800
G03	19500000	20000000	0.2112680
G03	20000000	20500000	0.1676580
G03	20500000	21000000	0.2358480
G03	21000000	21500000	0.1700300
G03	21500000	22000000	0.2228260
G03	22000000	22500000	0.1476880
G03	22500000	23000000	0.1914600
G03	23000000	23500000	0.2656600
G03	23500000	24000000	0.2132840
G03	24000000	24500000	0.1467080
G03	24500000	25000000	0.2165360
G03	25000000	25500000	0.2502760
G03	25500000	26000000	0.1762100
G03	26000000	26500000	0.2619280
G03	26500000	27000000	0.4104540
G03	27000000	27500000	0.3376600
G03	27500000	28000000	0.2016960
G03	28000000	28500000	0.2599240
G03	28500000	29000000	0.2971960
G03	29000000	29500000	0.2020840
G03	29500000	30000000	0.3281020
G03	30000000	30500000	0.2333140
G03	30500000	31000000	0.3102020
G03	31000000	31500000	0.3517980
G03	31500000	32000000	0.2253600
G03	32000000	32500000	0.2347180
G03	32500000	33000000	0.2837880
G03	33000000	33500000	0.2982340
G03	33500000	34000000	0.4314320
G03	34000000	34500000	0.2667300
G03	34500000	35000000	0.1802280
G03	35000000	35500000	0.3523420
G03	35500000	36000000	0.3859440
G03	36000000	36500000	0.3640900
G03	36500000	37000000	0.2569680
G03	37000000	37500000	0.3561440
G03	37500000	38000000	0.3483740
G03	38000000	38500000	0.4297060
G03	38500000	39000000	0.2893100
G03	39000000	39500000	0.2633400
G03	39500000	40000000	0.3252240
G03	40000000	40500000	0.3847800
G03	40500000	41000000	0.3334320
G03	41000000	41500000	0.4684120
G03	41500000	42000000	0.3902120
G03	42000000	42500000	0.3588180
G03	42500000	43000000	0.3757660
G03	43000000	43500000	0.4892780
G03	43500000	44000000	0.3044240
G03	44000000	44500000	0.4033180
G03	44500000	45000000	0.5107600
G03	45000000	45500000	0.4824080
G03	45500000	46000000	0.4858040
G03	46000000	46500000	0.3962980
G03	46500000	47000000	0.5013280
G03	47000000	47500000	0.4991640
G03	47500000	48000000	0.4188780
G03	48000000	48500000	0.3733320
G03	48500000	49000000	0.4669720
G03	49000000	49500000	0.4185720
G03	49500000	50000000	0.4361400
G03	50000000	50500000	0.4676480
G03	50500000	51000000	0.2679820
G03	51000000	51500000	0.1831740
G03	51500000	52000000	0.3935240
G03	52000000	52500000	0.4373100
G03	52500000	53000000	0.4642580
G03	53000000	53500000	0.4529640
G03	53500000	54000000	0.5159200
G03	54000000	54500000	0.3615080
G03	54500000	55000000	0.5399840
G03	55000000	55500000	0.3111660
G03	55500000	56000000	0.4365440
G03	56000000	56500000	0.3051900
G03	56500000	57000000	0.3652060
G03	57000000	57500000	0.4499400
G03	57500000	58000000	0.2954180
G03	58000000	58500000	0.3345560
G03	58500000	59000000	0.3492800
G03	59000000	59500000	0.5169640
G03	59500000	60000000	0.2304160
G03	60000000	60500000	0.3708260
G03	60500000	61000000	0.5690660
G03	61000000	61500000	0.3114040
G03	61500000	62000000	0.3452160
G03	62000000	62500000	0.3169580
G03	62500000	63000000	0.2737040
G03	63000000	63500000	0.3140320
G03	63500000	64000000	0.2676380
G03	64000000	64500000	0.5199340
G03	64500000	65000000	0.3502860
G03	65000000	65500000	0.3974720
G03	65500000	66000000	0.4683740
G03	66000000	66500000	0.3440400
G03	66500000	67000000	0.2460980
G03	67000000	67500000	0.2164120
G03	67500000	68000000	0.5049940
G03	68000000	68500000	0.2184560
G03	68500000	69000000	0.3992000
G03	69000000	69500000	0.2427080
G03	69500000	70000000	0.3246940
G03	70000000	70500000	0.2466960
G03	70500000	71000000	0.3859860
G03	71000000	71500000	0.1539900
G03	71500000	72000000	0.1841500
G03	72000000	72500000	0.2415000
G03	72500000	73000000	0.1484480
G03	73000000	73500000	0.1544300
G03	73500000	74000000	0.2151020
G03	74000000	74500000	0.2504100
G03	74500000	75000000	0.2300200
G03	75000000	75500000	0.2110000
G03	75500000	76000000	0.1326600
G03	76000000	76500000	0.1794860
G03	76500000	77000000	0.2340380
G03	77000000	77500000	0.2221640
G03	77500000	78000000	0.1167380
G03	78000000	78500000	0.1901140
G03	78500000	79000000	0.0920980
G03	79000000	79500000	0.2493660
G03	79500000	80000000	0.1809340
G03	80000000	80500000	0.1477280
G03	80500000	81000000	0.1977000
G03	81000000	81500000	0.1412140
G03	81500000	82000000	0.1849600
G03	82000000	82500000	0.1003680
G03	82500000	83000000	0.1655140
G03	83000000	83500000	0.2169680
G03	83500000	84000000	0.1600320
G03	84000000	84500000	0.1635060
G03	84500000	85000000	0.1955020
G03	85000000	85500000	0.1102120
G03	85500000	86000000	0.2154060
G03	86000000	86500000	0.0880700
G03	86500000	87000000	0.1418940
G03	87000000	87500000	0.1439060
G03	87500000	88000000	0.0913020
G03	88000000	88500000	0.1387020
G03	88500000	89000000	0.1182420
G03	89000000	89500000	0.1150340
G03	89500000	90000000	0.2387660
G03	90000000	90500000	0.0928620
G03	90500000	91000000	0.1320500
G03	91000000	91500000	0.1118600
G03	91500000	92000000	0.0656820
G03	92000000	92500000	0.1066820
G03	92500000	93000000	0.0338060
G03	93000000	93500000	0.0951580
G03	93500000	94000000	0.1151860
G03	94000000	94500000	0.1835400
G03	94500000	95000000	0.0935300
G03	95000000	95500000	0.0496300
G03	95500000	96000000	0.0955720
G03	96000000	96500000	0.2021380
G03	96500000	97000000	0.0950180
G03	97000000	97500000	0.0677680
G03	97500000	98000000	0.1463240
G03	98000000	98500000	0.0734760
G03	98500000	99000000	0.0523100
G03	99000000	99500000	0.1213560
G03	99500000	100000000	0.0922460
G03	100000000	100551728	0.1631003
G04	0	500000	0.2298280
G04	500000	1000000	0.0998060
G04	1000000	1500000	0.1005800
G04	1500000	2000000	0.1147460
G04	2000000	2500000	0.1560780
G04	2500000	3000000	0.0994120
G04	3000000	3500000	0.1581980
G04	3500000	4000000	0.1367260
G04	4000000	4500000	0.1032080
G04	4500000	5000000	0.1399360
G04	5000000	5500000	0.1724240
G04	5500000	6000000	0.2597960
G04	6000000	6500000	0.1909180
G04	6500000	7000000	0.1136340
G04	7000000	7500000	0.1459960
G04	7500000	8000000	0.2411380
G04	8000000	8500000	0.2575840
G04	8500000	9000000	0.1602520
G04	9000000	9500000	0.1153380
G04	9500000	10000000	0.1621400
G04	10000000	10500000	0.3130000
G04	10500000	11000000	0.1592600
G04	11000000	11500000	0.2112860
G04	11500000	12000000	0.1761660
G04	12000000	12500000	0.1962940
G04	12500000	13000000	0.2622700
G04	13000000	13500000	0.3041040
G04	13500000	14000000	0.1689540
G04	14000000	14500000	0.2192480
G04	14500000	15000000	0.2036640
G04	15000000	15500000	0.1750140
G04	15500000	16000000	0.2500600
G04	16000000	16500000	0.2437460
G04	16500000	17000000	0.1582540
G04	17000000	17500000	0.1997900
G04	17500000	18000000	0.2123380
G04	18000000	18500000	0.2716220
G04	18500000	19000000	0.2068640
G04	19000000	19500000	0.2631800
G04	19500000	20000000	0.1908580
G04	20000000	20500000	0.3530860
G04	20500000	21000000	0.2839500
G04	21000000	21500000	0.3925280
G04	21500000	22000000	0.3293520
G04	22000000	22500000	0.4293240
G04	22500000	23000000	0.4651080
G04	23000000	23500000	0.3116140
G04	23500000	24000000	0.3764040
G04	24000000	24500000	0.2235680
G04	24500000	25000000	0.2563160
G04	25000000	25500000	0.2814540
G04	25500000	26000000	0.3561140
G04	26000000	26500000	0.6101500
G04	26500000	27000000	0.3633860
G04	27000000	27500000	0.3752860
G04	27500000	28000000	0.4514740
G04	28000000	28500000	0.4375920
G04	28500000	29000000	0.3607360
G04	29000000	29500000	0.5094900
G04	29500000	30000000	0.4709280
G04	30000000	30500000	0.4550040
G04	30500000	31000000	0.3285000
G04	31000000	31500000	0.3733500
G04	31500000	32000000	0.3222940
G04	32000000	32500000	0.4170080
G04	32500000	33000000	0.3073020
G04	33000000	33500000	0.3433420
G04	33500000	34000000	0.4798900
G04	34000000	34500000	0.3600420
G04	34500000	35000000	0.2724120
G04	35000000	35500000	0.3641620
G04	35500000	36000000	0.3267540
G04	36000000	36500000	0.1676700
G04	36500000	37000000	0.2974460
G04	37000000	37500000	0.2450200
G04	37500000	38000000	0.1214620
G04	38000000	38500000	0.3499680
G04	38500000	39000000	0.5399400
G04	39000000	39500000	0.4761820
G04	39500000	40000000	0.4132240
G04	40000000	40500000	0.5164860
G04	40500000	41000000	0.5095680
G04	41000000	41500000	0.5295720
G04	41500000	42000000	0.4842160
G04	42000000	42500000	0.5083420
G04	42500000	43000000	0.5368380
G04	43000000	43500000	0.3787900
G04	43500000	44000000	0.3894280
G04	44000000	44500000	0.2869200
G04	44500000	45000000	0.3559120
G04	45000000	45500000	0.2363240
G04	45500000	46000000	0.3894720
G04	46000000	46500000	0.4505940
G04	46500000	47000000	0.3721040
G04	47000000	47500000	0.2329500
G04	47500000	48000000	0.3696700
G04	48000000	48500000	0.3512960
G04	48500000	49000000	0.3381080
G04	49000000	49500000	0.3511560
G04	49500000	50000000	0.4053120
G04	50000000	50500000	0.3446320
G04	50500000	51000000	0.6075580
G04	51000000	51500000	0.5139300
G04	51500000	52000000	0.2729160
G04	52000000	52500000	0.4198220
G04	52500000	53000000	0.3987980
G04	53000000	53500000	0.1432780
G04	53500000	54000000	0.4095180
G04	54000000	54500000	0.1437420
G04	54500000	55000000	0.2555000
G04	55000000	55500000	0.2695820
G04	55500000	56000000	0.4329660
G04	56000000	56500000	0.1136420
G04	56500000	57000000	0.1909580
G04	57000000	57500000	0.3051380
G04	57500000	58000000	0.2094120
G04	58000000	58500000	0.4227960
G04	58500000	59000000	0.1596060
G04	59000000	59500000	0.1328660
G04	59500000	60000000	0.1949880
G04	60000000	60500000	0.2254540
G04	60500000	61000000	0.4383300
G04	61000000	61500000	0.1547520
G04	61500000	62000000	0.0963880
G04	62000000	62500000	0.2100200
G04	62500000	63000000	0.1790100
G04	63000000	63500000	0.2539700
G04	63500000	64000000	0.2765100
G04	64000000	64500000	0.1745000
G04	64500000	65000000	0.1641720
G04	65000000	65500000	0.0676580
G04	65500000	66000000	0.1790280
G04	66000000	66500000	0.2832020
G04	66500000	67000000	0.3568660
G04	67000000	67500000	0.1643200
G04	67500000	68000000	0.0966140
G04	68000000	68500000	0.2255080
G04	68500000	69000000	0.1860280
G04	69000000	69500000	0.1413080
G04	69500000	70000000	0.1134860
G04	70000000	70500000	0.0974160
G04	70500000	71000000	0.1802200
G04	71000000	71500000	0.1499760
G04	71500000	72000000	0.1541400
G04	72000000	72500000	0.0825980
G04	72500000	73000000	0.0951440
G04	73000000	73500000	0.1275060
G04	73500000	74000000	0.1458080
G04	74000000	74500000	0.1361420
G04	74500000	75000000	0.0982120
G04	75000000	75500000	0.1584400
G04	75500000	76000000	0.1024560
G04	76000000	76500000	0.1213300
G04	76500000	77000000	0.0606280
G04	77000000	77500000	0.0993420
G04	77500000	78000000	0.1662720
G04	78000000	78500000	0.0804340
G04	78500000	79000000	0.0880260
G04	79000000	79500000	0.1172240
G04	79500000	80000000	0.0985740
G04	80000000	80500000	0.0795740
G04	80500000	81000000	0.1135880
G04	81000000	81500000	0.1242820
G04	81500000	82000000	0.0772660
G04	82000000	82500000	0.0638780
G04	82500000	83000000	0.0633880
G04	83000000	83500000	0.0614640
G04	83500000	84000000	0.0624240
G04	84000000	84500000	0.1007060
G04	84500000	85000000	0.1704660
G04	85000000	85500000	0.0741600
G04	85500000	86000000	0.0508560
G04	86000000	86500000	0.1095280
G04	86500000	87000000	0.0604080
G04	87000000	87868660	0.0694173
G05	0	500000	0.2798720
G05	500000	1000000	0.2566940
G05	1000000	1500000	0.1857080
G05	1500000	2000000	0.1606360
G05	2000000	2500000	0.2745420
G05	2500000	3000000	0.1926100
G05	3000000	3500000	0.1906100
G05	3500000	4000000	0.1490820
G05	4000000	4500000	0.1517120
G05	4500000	5000000	0.1493520
G05	5000000	5500000	0.1806020
G05	5500000	6000000	0.1818560
G05	6000000	6500000	0.3240560
G05	6500000	7000000	0.1765200
G05	7000000	7500000	0.1918680
G05	7500000	8000000	0.1703160
G05	8000000	8500000	0.0765220
G05	8500000	9000000	0.2392540
G05	9000000	9500000	0.2431480
G05	9500000	10000000	0.1572040
G05	10000000	10500000	0.1471700
G05	10500000	11000000	0.1630100
G05	11000000	11500000	0.1263120
G05	11500000	12000000	0.2012940
G05	12000000	12500000	0.1014040
G05	12500000	13000000	0.2335600
G05	13000000	13500000	0.3573200
G05	13500000	14000000	0.3151480
G05	14000000	14500000	0.4431880
G05	14500000	15000000	0.2076720
G05	15000000	15500000	0.2916460
G05	15500000	16000000	0.3745060
G05	16000000	16500000	0.2816100
G05	16500000	17000000	0.2029100
G05	17000000	17500000	0.3222260
G05	17500000	18000000	0.2974200
G05	18000000	18500000	0.2565140
G05	18500000	19000000	0.2250700
G05	19000000	19500000	0.4736180
G05	19500000	20000000	0.3122480
G05	20000000	20500000	0.3048360
G05	20500000	21000000	0.3558620
G05	21000000	21500000	0.3522180
G05	21500000	22000000	0.5184200
G05	22000000	22500000	0.4193080
G05	22500000	23000000	0.4581660
G05	23000000	23500000	0.4949920
G05	23500000	24000000	0.3197740
G05	24000000	24500000	0.3645600
G05	24500000	25000000	0.3510420
G05	25000000	25500000	0.4226060
G05	25500000	26000000	0.3908280
G05	26000000	26500000	0.5809520
G05	26500000	27000000	0.4221700
G05	27000000	27500000	0.2803560
G05	27500000	28000000	0.4270400
G05	28000000	28500000	0.4468960
G05	28500000	29000000	0.4185520
G05	29000000	29500000	0.4348460
G05	29500000	30000000	0.3573840
G05	30000000	30500000	0.4173760
G05	30500000	31000000	0.3012740
G05	31000000	31500000	0.5925480
G05	31500000	32000000	0.2970400
G05	32000000	32500000	0.3585600
G05	32500000	33000000	0.5576280
G05	33000000	33500000	0.3399520
G05	33500000	34000000	0.1668120
G05	34000000	34500000	0.3183980
G05	34500000	35000000	0.3658260
G05	35000000	35500000	0.4137440
G05	35500000	36000000	0.4449740
G05	36000000	36500000	0.4167360
G05	36500000	37000000	0.3634420
G05	37000000	37500000	0.5765720
G05	37500000	38000000	0.6414680
G05	38000000	38500000	0.4893200
G05	38500000	39000000	0.3444900
G05	39000000	39500000	0.3014820
G05	39500000	40000000	0.2802800
G05	40000000	40500000	0.3052220
G05	40500000	41000000	0.3878980
G05	41000000	41500000	0.2993460
G05	41500000	42000000	0.2295400
G05	42000000	42500000	0.2861220
G05	42500000	43000000	0.3040820
G05	43000000	43500000	0.2663920
G05	43500000	44000000	0.2025040
G05	44000000	44500000	0.3215100
G05	44500000	45000000	0.2900020
G05	45000000	45500000	0.3420600
G05	45500000	46000000	0.2440100
G05	46000000	46500000	0.2954240
G05	46500000	47000000	0.1903400
G05	47000000	47500000	0.3302740
G05	47500000	48000000	0.2136880
G05	48000000	48500000	0.2220500
G05	48500000	49000000	0.1585420
G05	49000000	49500000	0.2367340
G05	49500000	50000000	0.1570340
G05	50000000	50500000	0.1588380
G05	50500000	51000000	0.2183760
G05	51000000	51500000	0.1624720
G05	51500000	52000000	0.0696620
G05	52000000	52500000	0.1561500
G05	52500000	53000000	0.1133920
G05	53000000	53500000	0.1707240
G05	53500000	54000000	0.1716320
G05	54000000	54500000	0.1353260
G05	54500000	55000000	0.1234720
G05	55000000	55500000	0.1188900
G05	55500000	56000000	0.1410960
G05	56000000	56500000	0.0466720
G05	56500000	57000000	0.2547480
G05	57000000	57500000	0.2331960
G05	57500000	58000000	0.1118340
G05	58000000	58500000	0.0491100
G05	58500000	59000000	0.0817660
G05	59000000	59500000	0.1150440
G05	59500000	60000000	0.1858300
G05	60000000	60500000	0.1047180
G05	60500000	61000000	0.0971140
G05	61000000	61500000	0.0825100
G05	61500000	62000000	0.1986500
G05	62000000	62500000	0.0741500
G05	62500000	63000000	0.1028100
G05	63000000	63500000	0.0526400
G05	63500000	64000000	0.0787740
G05	64000000	64500000	0.0924600
G05	64500000	65000000	0.0667400
G05	65000000	65500000	0.0517140
G05	65500000	66000000	0.0789980
G05	66000000	66500000	0.0860900
G05	66500000	67000000	0.0696980
G05	67000000	67559672	0.1234741
G06	0	500000	0.3111520
G06	500000	1000000	0.1797920
G06	1000000	1500000	0.1946840
G06	1500000	2000000	0.1979840
G06	2000000	2500000	0.1948340
G06	2500000	3000000	0.2101820
G06	3000000	3500000	0.2173940
G06	3500000	4000000	0.2994500
G06	4000000	4500000	0.1265920
G06	4500000	5000000	0.2096820
G06	5000000	5500000	0.2718240
G06	5500000	6000000	0.2968160
G06	6000000	6500000	0.1985120
G06	6500000	7000000	0.4288200
G06	7000000	7500000	0.2307780
G06	7500000	8000000	0.2718280
G06	8000000	8500000	0.1674680
G06	8500000	9000000	0.1223840
G06	9000000	9500000	0.1232600
G06	9500000	10000000	0.1401760
G06	10000000	10500000	0.2624680
G06	10500000	11000000	0.2397880
G06	11000000	11500000	0.2725220
G06	11500000	12000000	0.3244220
G06	12000000	12500000	0.2359980
G06	12500000	13000000	0.2873120
G06	13000000	13500000	0.2242540
G06	13500000	14000000	0.2576220
G06	14000000	14500000	0.2385540
G06	14500000	15000000	0.3777260
G06	15000000	15500000	0.3779780
G06	15500000	16000000	0.4107000
G06	16000000	16500000	0.4167740
G06	16500000	17000000	0.3439660
G06	17000000	17500000	0.3329980
G06	17500000	18000000	0.6876040
G06	18000000	18500000	0.4989080
G06	18500000	19000000	0.2891780
G06	19000000	19500000	0.3256800
G06	19500000	20000000	0.2981380
G06	20000000	20500000	0.4134460
G06	20500000	21000000	0.3043240
G06	21000000	21500000	0.3800080
G06	21500000	22000000	0.2420400
G06	22000000	22500000	0.3546360
G06	22500000	23000000	0.3556360
G06	23000000	23500000	0.4354460
G06	23500000	24000000	0.3857720
G06	24000000	24500000	0.4253940
G06	24500000	25000000	0.3990880
G06	25000000	25500000	0.4071640
G06	25500000	26000000	0.1874660
G06	26000000	26500000	0.1780920
G06	26500000	27000000	0.1621980
G06	27000000	27500000	0.3033840
G06	27500000	28000000	0.3936020
G06	28000000	28500000	0.5096960
G06	28500000	29000000	0.4133080
G06	29000000	29500000	0.4301020
G06	29500000	30000000	0.3763400
G06	30000000	30500000	0.1920500
G06	30500000	31000000	0.2323600
G06	31000000	31500000	0.0740040
G06	31500000	32000000	0.2139280
G06	32000000	32500000	0.3176680
G06	32500000	33000000	0.4670500
G06	33000000	33500000	0.3627560
G06	33500000	34000000	0.4717480
G06	34000000	34500000	0.6091900
G06	34500000	35000000	0.5463600
G06	35000000	35500000	0.5705480
G06	35500000	36000000	0.3476440
G06	36000000	36500000	0.5383520
G06	36500000	37000000	0.5528480
G06	37000000	37500000	0.5718580
G06	37500000	38000000	0.4422260
G06	38000000	38500000	0.3570320
G06	38500000	39000000	0.3555360
G06	39000000	39500000	0.4561160
G06	39500000	40000000	0.3893300
G06	40000000	40500000	0.3294740
G06	40500000	41000000	0.2839440
G06	41000000	41500000	0.3039980
G06	41500000	42000000	0.3200060
G06	42000000	42500000	0.3355940
G06	42500000	43000000	0.3150840
G06	43000000	43500000	0.2070060
G06	43500000	44000000	0.2042640
G06	44000000	44500000	0.2586600
G06	44500000	45000000	0.2202000
G06	45000000	45500000	0.1873160
G06	45500000	46000000	0.2515240
G06	46000000	46500000	0.1071700
G06	46500000	47000000	0.1642580
G06	47000000	47500000	0.1593840
G06	47500000	48000000	0.1816680
G06	48000000	48500000	0.1865760
G06	48500000	49000000	0.1221180
G06	49000000	49500000	0.1231360
G06	49500000	50000000	0.1334740
G06	50000000	50500000	0.0860840
G06	50500000	51000000	0.0845820
G06	51000000	51500000	0.2241780
G06	51500000	52000000	0.2850480
G06	52000000	52500000	0.1192240
G06	52500000	53000000	0.1007520
G06	53000000	53500000	0.3033940
G06	53500000	54000000	0.3509180
G06	54000000	54500000	0.1296100
G06	54500000	55000000	0.2488540
G06	55000000	55500000	0.1283760
G06	55500000	56000000	0.1257680
G06	56000000	56500000	0.0907160
G06	56500000	57000000	0.0832760
G06	57000000	57500000	0.1192160
G06	57500000	58000000	0.1087660
G06	58000000	58500000	0.1198280
G06	58500000	59000000	0.1990600
G06	59000000	59500000	0.0738700
G06	59500000	60000000	0.0423360
G06	60000000	60500000	0.0909040
G06	60500000	61000000	0.1353600
G06	61000000	61500000	0.0469280
G06	61500000	62000000	0.1795340
G06	62000000	62500000	0.0418560
G06	62500000	63000000	0.0778620
G06	63000000	63500000	0.0551440
G06	63500000	64000000	0.1075160
G06	64000000	64500000	0.0542380
G06	64500000	65000000	0.0726020
G06	65000000	65500000	0.0847360
G06	65500000	66000000	0.0746120
G06	66000000	66500000	0.0623300
G06	66500000	67000000	0.0549880
G06	67000000	67500000	0.1123540
G06	67500000	68019929	0.1715369
M01	0	500000	0.0961820
M01	500000	1000000	0.1521900
M01	1000000	1500000	0.2945800
M01	1500000	2000000	0.4643440
M01	2000000	2500000	0.4142860
M01	2500000	3000000	0.1700980
M01	3000000	3500000	0.2992460
M01	3500000	4000000	0.2228120
M01	4000000	4500000	0.2860620
M01	4500000	5000000	0.4146920
M01	5000000	5500000	0.4027600
M01	5500000	6000000	0.6592820
M01	6000000	6500000	0.4884500
M01	6500000	7000000	0.3107640
M01	7000000	7500000	0.1391040
M01	7500000	8000000	0.6246300
M01	8000000	8500000	0.3109800
M01	8500000	9000000	0.4344280
M01	9000000	9500000	0.2796780
M01	9500000	10000000	0.2943340
M01	10000000	10500000	0.2322020
M01	10500000	11000000	0.3472060
M01	11000000	11500000	0.2538980
M01	11500000	12000000	0.1776680
M01	12000000	12500000	0.3083560
M01	12500000	13000000	0.3529800
M01	13000000	13500000	0.3182860
M01	13500000	14000000	0.3157800
M01	14000000	14500000	0.1909180
M01	14500000	15000000	0.2449140
M01	15000000	15500000	0.3840980
M01	15500000	16000000	0.2309820
M01	16000000	16500000	0.3225420
M01	16500000	17000000	0.3322880
M01	17000000	17500000	0.3674900
M01	17500000	18000000	0.3472380
M01	18000000	18500000	0.3786580
M01	18500000	19000000	0.2206420
M01	19000000	19500000	0.2760120
M01	19500000	20000000	0.2488160
M01	20000000	20500000	0.4135640
M01	20500000	21000000	0.3012980
M01	21000000	21500000	0.4228800
M01	21500000	22000000	0.4342240
M01	22000000	22500000	0.4715300
M01	22500000	23000000	0.2780600
M01	23000000	23500000	0.2557380
M01	23500000	24000000	0.2908100
M01	24000000	24500000	0.5133400
M01	24500000	25000000	0.5067200
M01	25000000	25500000	0.4613900
M01	25500000	26000000	0.3525320
M01	26000000	26500000	0.4455680
M01	26500000	27000000	0.4393260
M01	27000000	27500000	0.3734500
M01	27500000	28000000	0.4300760
M01	28000000	28500000	0.3811780
M01	28500000	29000000	0.4655800
M01	29000000	29500000	0.4523660
M01	29500000	30000000	0.1394360
M01	30000000	30500000	0.0846280
M01	30500000	31000000	0.0430220
M01	31000000	31500000	0.0175500
M01	31500000	32000000	0.2649700
M01	32000000	32500000	0.4719560
M01	32500000	33000000	0.4302420
M01	33000000	33500000	0.3517780
M01	33500000	34000000	0.2648960
M01	34000000	34500000	0.4600600
M01	34500000	35000000	0.3239060
M01	35000000	35500000	0.4476160
M01	35500000	36000000	0.3079000
M01	36000000	36500000	0.3525140
M01	36500000	37000000	0.3866020
M01	37000000	37500000	0.3417400
M01	37500000	38000000	0.3047200
M01	38000000	38500000	0.3826820
M01	38500000	39000000	0.2872500
M01	39000000	39500000	0.3245700
M01	39500000	40000000	0.2686100
M01	40000000	40500000	0.2594600
M01	40500000	41000000	0.4357340
M01	41000000	41500000	0.3322760
M01	41500000	42000000	0.2916220
M01	42000000	42500000	0.4830620
M01	42500000	43000000	0.4473620
M01	43000000	43500000	0.3394700
M01	43500000	44000000	0.3540440
M01	44000000	44500000	0.2881260
M01	44500000	45000000	0.3067120
M01	45000000	45500000	0.2805680
M01	45500000	46000000	0.3545500
M01	46000000	46500000	0.3954140
M01	46500000	47000000	0.2362700
M01	47000000	47500000	0.3284400
M01	47500000	48000000	0.2947780
M01	48000000	48500000	0.2720080
M01	48500000	49000000	0.1981280
M01	49000000	49500000	0.3642220
M01	49500000	50000000	0.3268640
M01	50000000	50500000	0.2119920
M01	50500000	51000000	0.2710660
M01	51000000	51500000	0.2236440
M01	51500000	52000000	0.4867200
M01	52000000	52500000	0.3393260
M01	52500000	53000000	0.3207060
M01	53000000	53500000	0.1786800
M01	53500000	54000000	0.1690040
M01	54000000	54500000	0.2134360
M01	54500000	55000000	0.2118780
M01	55000000	55500000	0.1707800
M01	55500000	56000000	0.1799020
M01	56000000	56500000	0.1544060
M01	56500000	57000000	0.1660720
M01	57000000	57500000	0.1891660
M01	57500000	58000000	0.1758440
M01	58000000	58500000	0.0841300
M01	58500000	59000000	0.1310400
M01	59000000	59500000	0.1390460
M01	59500000	60000000	0.3458540
M01	60000000	60500000	0.2538320
M01	60500000	61000000	0.2095480
M01	61000000	61500000	0.1697180
M01	61500000	62000000	0.2313120
M01	62000000	62500000	0.2011520
M01	62500000	63000000	0.2513820
M01	63000000	63500000	0.1835920
M01	63500000	64000000	0.1881420
M01	64000000	64500000	0.1619500
M01	64500000	65000000	0.1570500
M01	65000000	65500000	0.1439420
M01	65500000	66000000	0.1237840
M01	66000000	66500000	0.1289940
M01	66500000	67000000	0.2109720
M01	67000000	67500000	0.1617960
M01	67500000	68000000	0.2332000
M01	68000000	68500000	0.0900960
M01	68500000	69000000	0.1495040
M01	69000000	69500000	0.1466520
M01	69500000	70000000	0.1930460
M01	70000000	70500000	0.0940940
M01	70500000	71000000	0.1316880
M01	71000000	71500000	0.1230300
M01	71500000	72000000	0.0925760
M01	72000000	72500000	0.1357440
M01	72500000	73000000	0.1262840
M01	73000000	73500000	0.0922500
M01	73500000	74000000	0.1291520
M01	74000000	74500000	0.2380700
M01	74500000	75000000	0.1072480
M01	75000000	75500000	0.0928920
M01	75500000	76000000	0.1887700
M01	76000000	76500000	0.1949140
M01	76500000	77000000	0.0746660
M01	77000000	77500000	0.1936400
M01	77500000	78000000	0.0852120
M01	78000000	78500000	0.0743320
M01	78500000	79000000	0.0917500
M01	79000000	79500000	0.1258720
M01	79500000	80000000	0.1178200
M01	80000000	80500000	0.1652520
M01	80500000	81000000	0.0927200
M01	81000000	81500000	0.1752400
M01	81500000	82000000	0.1919860
M01	82000000	82500000	0.1679160
M01	82500000	83000000	0.1052000
M01	83000000	83500000	0.1129920
M01	83500000	84000000	0.1439140
M01	84000000	84500000	0.1698840
M01	84500000	85000000	0.2165300
M01	85000000	85500000	0.1974400
M01	85500000	86000000	0.1118240
M01	86000000	86500000	0.1420380
M01	86500000	87000000	0.1011020
M01	87000000	87500000	0.1398440
M01	87500000	88000000	0.0956100
M01	88000000	88500000	0.1076880
M01	88500000	89000000	0.1437420
M01	89000000	89500000	0.1663060
M01	89500000	90000000	0.0663660
M01	90000000	90500000	0.1772360
M01	90500000	91000000	0.0855700
M01	91000000	91500000	0.1128100
M01	91500000	92000000	0.2187380
M01	92000000	92500000	0.2412760
M01	92500000	93000000	0.0763360
M01	93000000	93500000	0.1130660
M01	93500000	94000000	0.2116080
M01	94000000	94500000	0.0827860
M01	94500000	95000000	0.1554300
M01	95000000	95500000	0.3905420
M01	95500000	96000000	0.0860200
M01	96000000	96500000	0.1009500
M01	96500000	97000000	0.1312400
M01	97000000	97500000	0.1324520
M01	97500000	98000000	0.1028700
M01	98000000	98500000	0.0748200
M01	98500000	99000000	0.1256380
M01	99000000	99500000	0.1315100
M01	99500000	100000000	0.1434840
M01	100000000	100500000	0.0540740
M01	100500000	101000000	0.1473300
M01	101000000	101500000	0.1152840
M01	101500000	102000000	0.0989440
M01	102000000	102500000	0.0485680
M01	102500000	103000000	0.2258260
M01	103000000	103500000	0.0976000
M01	103500000	104000000	0.1987400
M01	104000000	104500000	0.0468660
M01	104500000	105000000	0.0622160
M01	105000000	105500000	0.0868920
M01	105500000	106000000	0.0638860
M01	106000000	106500000	0.0327920
M01	106500000	107000000	0.0618420
M01	107000000	107500000	0.1027420
M01	107500000	108000000	0.0627120
M01	108000000	108500000	0.0630300
M01	108500000	109000000	0.0765280
M01	109000000	109500000	0.1751980
M01	109500000	110000000	0.2249700
M01	110000000	110500000	0.0941060
M01	110500000	111000000	0.1106220
M01	111000000	111500000	0.0835480
M01	111500000	112000000	0.1075760
M01	112000000	112500000	0.0747200
M01	112500000	113000000	0.1334160
M01	113000000	113500000	0.1520320
M01	113500000	114000000	0.0894220
M01	114000000	114500000	0.0768600
M01	114500000	115000000	0.0312360
M01	115000000	115500000	0.0914360
M01	115500000	116016932	0.1483832
M02	0	500000	0.3376020
M02	500000	1000000	0.2547520
M02	1000000	1500000	0.4535740
M02	1500000	2000000	0.0460540
M02	2000000	2500000	0.0000000
M02	2500000	3000000	0.1200940
M02	3000000	3500000	0.3836980
M02	3500000	4000000	0.4287160
M02	4000000	4500000	0.3091000
M02	4500000	5000000	0.3047960
M02	5000000	5500000	0.3618220
M02	5500000	6000000	0.2440660
M02	6000000	6500000	0.4694520
M02	6500000	7000000	0.4513480
M02	7000000	7500000	0.3074800
M02	7500000	8000000	0.4176740
M02	8000000	8500000	0.4053200
M02	8500000	9000000	0.3899520
M02	9000000	9500000	0.4348100
M02	9500000	10000000	0.3424300
M02	10000000	10500000	0.3105700
M02	10500000	11000000	0.4109480
M02	11000000	11500000	0.2910360
M02	11500000	12000000	0.3154620
M02	12000000	12500000	0.3387520
M02	12500000	13000000	0.2902320
M02	13000000	13500000	0.5040240
M02	13500000	14000000	0.3406240
M02	14000000	14500000	0.4465280
M02	14500000	15000000	0.3823160
M02	15000000	15500000	0.2803320
M02	15500000	16000000	0.3182000
M02	16000000	16500000	0.3690840
M02	16500000	17000000	0.5301840
M02	17000000	17500000	0.4067660
M02	17500000	18000000	0.2492280
M02	18000000	18500000	0.2278800
M02	18500000	19000000	0.3777320
M02	19000000	19500000	0.2923040
M02	19500000	20000000	0.2927700
M02	20000000	20500000	0.2288780
M02	20500000	21000000	0.4249880
M02	21000000	21500000	0.2701100
M02	21500000	22000000	0.3571980
M02	22000000	22500000	0.3550180
M02	22500000	23000000	0.3251380
M02	23000000	23500000	0.5060480
M02	23500000	24000000	0.3843960
M02	24000000	24500000	0.3466860
M02	24500000	25000000	0.3394140
M02	25000000	25500000	0.4589840
M02	25500000	26000000	0.4173160
M02	26000000	26500000	0.5794900
M02	26500000	27000000	0.1787460
M02	27000000	27500000	0.0333620
M02	27500000	28000000	0.0949860
M02	28000000	28500000	0.3342820
M02	28500000	29000000	0.5125220
M02	29000000	29500000	0.4661420
M02	29500000	30000000	0.4506180
M02	30000000	30500000	0.4262600
M02	30500000	31000000	0.4941880
M02	31000000	31500000	0.3697980
M02	31500000	32000000	0.3707880
M02	32000000	32500000	0.4024180
M02	32500000	33000000	0.4123040
M02	33000000	33500000	0.5521400
M02	33500000	34000000	0.4793380
M02	34000000	34500000	0.4068700
M02	34500000	35000000	0.2184660
M02	35000000	35500000	0.1947060
M02	35500000	36000000	0.0514920
M02	36000000	36500000	0.0515300
M02	36500000	37000000	0.3356400
M02	37000000	37500000	0.3587060
M02	37500000	38000000	0.4104800
M02	38000000	38500000	0.4650600
M02	38500000	39000000	0.3589860
M02	39000000	39500000	0.4564840
M02	39500000	40000000	0.3712860
M02	40000000	40500000	0.4130420
M02	40500000	41000000	0.4004000
M02	41000000	41500000	0.2992760
M02	41500000	42000000	0.4566180
M02	42000000	42500000	0.2723860
M02	42500000	43000000	0.3528760
M02	43000000	43500000	0.3613660
M02	43500000	44000000	0.3678360
M02	44000000	44500000	0.3408060
M02	44500000	45000000	0.4220780
M02	45000000	45500000	0.4732000
M02	45500000	46000000	0.4115600
M02	46000000	46500000	0.3515020
M02	46500000	47000000	0.3509560
M02	47000000	47500000	0.4093100
M02	47500000	48000000	0.3310100
M02	48000000	48500000	0.3417920
M02	48500000	49000000	0.2367860
M02	49000000	49500000	0.3334180
M02	49500000	50000000	0.4093840
M02	50000000	50500000	0.4997500
M02	50500000	51000000	0.4287760
M02	51000000	51500000	0.2714500
M02	51500000	52000000	0.4289920
M02	52000000	52500000	0.4247600
M02	52500000	53000000	0.4322160
M02	53000000	53500000	0.3954820
M02	53500000	54000000	0.2912620
M02	54000000	54500000	0.3600080
M02	54500000	55000000	0.2734020
M02	55000000	55500000	0.3513680
M02	55500000	56000000	0.2381720
M02	56000000	56500000	0.3777500
M02	56500000	57000000	0.3481640
M02	57000000	57500000	0.2934440
M02	57500000	58000000	0.2433500
M02	58000000	58500000	0.2316780
M02	58500000	59000000	0.3510820
M02	59000000	59500000	0.3307520
M02	59500000	60000000	0.2149360
M02	60000000	60500000	0.2401540
M02	60500000	61000000	0.3670340
M02	61000000	61500000	0.1958780
M02	61500000	62000000	0.2507740
M02	62000000	62500000	0.3448560
M02	62500000	63000000	0.2338240
M02	63000000	63500000	0.2385560
M02	63500000	64000000	0.2493420
M02	64000000	64500000	0.2402620
M02	64500000	65000000	0.1644280
M02	65000000	65500000	0.2453840
M02	65500000	66000000	0.1813500
M02	66000000	66500000	0.2422680
M02	66500000	67000000	0.2240480
M02	67000000	67500000	0.1908120
M02	67500000	68000000	0.2207320
M02	68000000	68500000	0.1443240
M02	68500000	69000000	0.2729420
M02	69000000	69500000	0.2169560
M02	69500000	70000000	0.1288260
M02	70000000	70500000	0.1410100
M02	70500000	71000000	0.2930020
M02	71000000	71500000	0.1697960
M02	71500000	72000000	0.1261620
M02	72000000	72500000	0.1870380
M02	72500000	73000000	0.1684520
M02	73000000	73500000	0.1336040
M02	73500000	74000000	0.0916160
M02	74000000	74500000	0.0616540
M02	74500000	75000000	0.1888400
M02	75000000	75500000	0.1029660
M02	75500000	76000000	0.2243380
M02	76000000	76500000	0.1432240
M02	76500000	77000000	0.2547940
M02	77000000	77500000	0.1093320
M02	77500000	78000000	0.0988800
M02	78000000	78500000	0.1863300
M02	78500000	79000000	0.1572140
M02	79000000	79500000	0.0839620
M02	79500000	80000000	0.0404460
M02	80000000	80500000	0.0863920
M02	80500000	81000000	0.1807480
M02	81000000	81500000	0.0615500
M02	81500000	82000000	0.0619700
M02	82000000	82500000	0.1082460
M02	82500000	83000000	0.0812680
M02	83000000	83500000	0.1034920
M02	83500000	84000000	0.1320540
M02	84000000	84500000	0.0606660
M02	84500000	85000000	0.0615620
M02	85000000	85500000	0.0883580
M02	85500000	86000000	0.0695560
M02	86000000	86500000	0.0636880
M02	86500000	87000000	0.0395860
M02	87000000	87500000	0.0336980
M02	87500000	88000000	0.0822220
M02	88000000	88500000	0.0486260
M02	88500000	89000000	0.0041340
M02	89000000	89500000	0.0333220
M02	89500000	90000000	0.0510160
M02	90000000	90500000	0.0275580
M02	90500000	91000000	0.0751600
M02	91000000	91500000	0.0727700
M02	91500000	92000000	0.0566720
M02	92000000	92500000	0.1495600
M02	92500000	93000000	0.1053380
M02	93000000	93500000	0.0997920
M02	93500000	94000000	0.0643420
M02	94000000	94500000	0.0717120
M02	94500000	95000000	0.0748120
M02	95000000	95500000	0.0889540
M02	95500000	96000000	0.0516700
M02	96000000	96500000	0.1323620
M02	96500000	97000000	0.0731780
M02	97000000	97500000	0.0058340
M02	97500000	98000000	0.0340440
M02	98000000	98500000	0.0327080
M02	98500000	99000000	0.0441500
M02	99000000	99500000	0.1554120
M02	99500000	100000000	0.1947160
M02	100000000	100500000	0.3579020
M02	100500000	101000000	0.2371260
M02	101000000	101500000	0.2879780
M02	101500000	102000000	0.5265840
M02	102000000	102500000	0.1682340
M02	102500000	103000000	0.2558960
M02	103000000	103500000	0.3230640
M02	103500000	104000000	0.2039820
M02	104000000	104500000	0.1104120
M02	104500000	105000000	0.2014900
M02	105000000	105500000	0.2292920
M02	105500000	106000000	0.2634120
M02	106000000	106500000	0.2463800
M02	106500000	107000000	0.1588600
M02	107000000	107500000	0.1905480
M02	107500000	108000000	0.1869520
M02	108000000	108500000	0.2439220
M02	108500000	109000000	0.3894040
M02	109000000	109500000	0.1849040
M02	109500000	110000000	0.1313720
M02	110000000	110500000	0.2275660
M02	110500000	111000000	0.1733500
M02	111000000	111500000	0.1321880
M02	111500000	112000000	0.1110100
M02	112000000	112500000	0.2766640
M02	112500000	113000000	0.4415200
M02	113000000	113500000	0.1589560
M02	113500000	114000000	0.2040660
M02	114000000	114500000	0.1602640
M02	114500000	115000000	0.1186340
M02	115000000	115500000	0.2071500
M02	115500000	116000000	0.1163160
M02	116000000	116500000	0.1330640
M02	116500000	117000000	0.1571560
M02	117000000	117500000	0.1617460
M02	117500000	118000000	0.3009800
M02	118000000	118500000	0.0293700
M02	118500000	119000000	0.0242320
M02	119000000	119500000	0.0299100
M02	119500000	120000000	0.0082680
M02	120000000	120500000	0.0710900
M02	120500000	121000000	0.2534980
M02	121000000	121500000	0.2026160
M02	121500000	122000000	0.1634320
M02	122000000	122500000	0.1780700
M02	122500000	123000000	0.2269480
M02	123000000	123500000	0.1800660
M02	123500000	124000000	0.1547280
M02	124000000	124500000	0.1349120
M02	124500000	125000000	0.1966520
M02	125000000	125803428	0.3102020
M03	0	500000	0.1267840
M03	500000	1000000	0.1049600
M03	1000000	1500000	0.0560060
M03	1500000	2000000	0.0581700
M03	2000000	2500000	0.0419480
M03	2500000	3000000	0.0146860
M03	3000000	3500000	0.0482080
M03	3500000	4000000	0.0478460
M03	4000000	4500000	0.0635200
M03	4500000	5000000	0.1123560
M03	5000000	5500000	0.1395720
M03	5500000	6000000	0.0886660
M03	6000000	6500000	0.0683760
M03	6500000	7000000	0.0481680
M03	7000000	7500000	0.0482660
M03	7500000	8000000	0.0464540
M03	8000000	8500000	0.0648680
M03	8500000	9000000	0.1087520
M03	9000000	9500000	0.1243500
M03	9500000	10000000	0.1222780
M03	10000000	10500000	0.1809560
M03	10500000	11000000	0.1106460
M03	11000000	11500000	0.1258120
M03	11500000	12000000	0.0903420
M03	12000000	12500000	0.1037840
M03	12500000	13000000	0.1087180
M03	13000000	13500000	0.1515800
M03	13500000	14000000	0.1368560
M03	14000000	14500000	0.1516000
M03	14500000	15000000	0.2534340
M03	15000000	15500000	0.3282880
M03	15500000	16000000	0.3146000
M03	16000000	16500000	0.1633160
M03	16500000	17000000	0.1116860
M03	17000000	17500000	0.1754660
M03	17500000	18000000	0.1125980
M03	18000000	18500000	0.1532020
M03	18500000	19000000	0.1395060
M03	19000000	19500000	0.1026600
M03	19500000	20000000	0.1409880
M03	20000000	20500000	0.1961400
M03	20500000	21000000	0.1675960
M03	21000000	21500000	0.2526360
M03	21500000	22000000	0.2411500
M03	22000000	22500000	0.1646600
M03	22500000	23000000	0.1143300
M03	23000000	23500000	0.2570140
M03	23500000	24000000	0.2225560
M03	24000000	24500000	0.1565540
M03	24500000	25000000	0.1799020
M03	25000000	25500000	0.1395200
M03	25500000	26000000	0.1257420
M03	26000000	26500000	0.1447240
M03	26500000	27000000	0.1439400
M03	27000000	27500000	0.2809820
M03	27500000	28000000	0.2021840
M03	28000000	28500000	0.1430800
M03	28500000	29000000	0.2016140
M03	29000000	29500000	0.2580160
M03	29500000	30000000	0.1530060
M03	30000000	30500000	0.2739380
M03	30500000	31000000	0.4508920
M03	31000000	31500000	0.3494100
M03	31500000	32000000	0.1939240
M03	32000000	32500000	0.2708020
M03	32500000	33000000	0.3070060
M03	33000000	33500000	0.1873040
M03	33500000	34000000	0.2501480
M03	34000000	34500000	0.2064260
M03	34500000	35000000	0.3331400
M03	35000000	35500000	0.3110000
M03	35500000	36000000	0.2504020
M03	36000000	36500000	0.2460260
M03	36500000	37000000	0.2151560
M03	37000000	37500000	0.2826520
M03	37500000	38000000	0.4469840
M03	38000000	38500000	0.2920080
M03	38500000	39000000	0.3382540
M03	39000000	39500000	0.3249780
M03	39500000	40000000	0.1850980
M03	40000000	40500000	0.3396960
M03	40500000	41000000	0.2400680
M03	41000000	41500000	0.3319360
M03	41500000	42000000	0.3769840
M03	42000000	42500000	0.4688760
M03	42500000	43000000	0.2586420
M03	43000000	43500000	0.2549680
M03	43500000	44000000	0.5422940
M03	44000000	44500000	0.3137220
M03	44500000	45000000	0.3353300
M03	45000000	45500000	0.3736880
M03	45500000	46000000	0.4023540
M03	46000000	46500000	0.3121640
M03	46500000	47000000	0.4104720
M03	47000000	47500000	0.4408100
M03	47500000	48000000	0.3037740
M03	48000000	48500000	0.3463120
M03	48500000	49000000	0.5087760
M03	49000000	49500000	0.5808820
M03	49500000	50000000	0.4780000
M03	50000000	50500000	0.4193240
M03	50500000	51000000	0.4524820
M03	51000000	51500000	0.3753600
M03	51500000	52000000	0.3933280
M03	52000000	52500000	0.3327840
M03	52500000	53000000	0.4537240
M03	53000000	53500000	0.3929500
M03	53500000	54000000	0.5007820
M03	54000000	54500000	0.2872920
M03	54500000	55000000	0.1287740
M03	55000000	55500000	0.4613760
M03	55500000	56000000	0.3460780
M03	56000000	56500000	0.4243360
M03	56500000	57000000	0.4013420
M03	57000000	57500000	0.4732780
M03	57500000	58000000	0.3621680
M03	58000000	58500000	0.4328300
M03	58500000	59000000	0.4293360
M03	59000000	59500000	0.4325720
M03	59500000	60000000	0.3028240
M03	60000000	60500000	0.4116520
M03	60500000	61000000	0.3936340
M03	61000000	61500000	0.2420740
M03	61500000	62000000	0.2538960
M03	62000000	62500000	0.3894300
M03	62500000	63000000	0.3218020
M03	63000000	63500000	0.3002480
M03	63500000	64000000	0.3778140
M03	64000000	64500000	0.3835800
M03	64500000	65000000	0.3448480
M03	65000000	65500000	0.2261000
M03	65500000	66000000	0.2499780
M03	66000000	66500000	0.2622460
M03	66500000	67000000	0.2391820
M03	67000000	67500000	0.4711940
M03	67500000	68000000	0.2165160
M03	68000000	68500000	0.3519020
M03	68500000	69000000	0.3147940
M03	69000000	69500000	0.2981680
M03	69500000	70000000	0.2860560
M03	70000000	70500000	0.3065100
M03	70500000	71000000	0.3036500
M03	71000000	71500000	0.2751660
M03	71500000	72000000	0.2818480
M03	72000000	72500000	0.3222260
M03	72500000	73000000	0.2653820
M03	73000000	73500000	0.2190740
M03	73500000	74000000	0.2017920
M03	74000000	74500000	0.1410920
M03	74500000	75000000	0.2149760
M03	75000000	75500000	0.1590580
M03	75500000	76000000	0.1863800
M03	76000000	76500000	0.1651820
M03	76500000	77000000	0.2701600
M03	77000000	77500000	0.2148360
M03	77500000	78000000	0.1776260
M03	78000000	78500000	0.1186080
M03	78500000	79000000	0.1264760
M03	79000000	79500000	0.1942560
M03	79500000	80000000	0.1878120
M03	80000000	80500000	0.1122440
M03	80500000	81000000	0.1456460
M03	81000000	81500000	0.1121800
M03	81500000	82000000	0.1742460
M03	82000000	82500000	0.1644000
M03	82500000	83000000	0.1391960
M03	83000000	83500000	0.1859760
M03	83500000	84000000	0.1692960
M03	84000000	84500000	0.1728200
M03	84500000	85000000	0.0815200
M03	85000000	85500000	0.2135320
M03	85500000	86000000	0.1608780
M03	86000000	86500000	0.1351300
M03	86500000	87000000	0.2157520
M03	87000000	87500000	0.2176840
M03	87500000	88000000	0.0976280
M03	88000000	88500000	0.2615680
M03	88500000	89000000	0.1069100
M03	89000000	89500000	0.1089520
M03	89500000	90000000	0.1393100
M03	90000000	90500000	0.1400140
M03	90500000	91000000	0.1193780
M03	91000000	91500000	0.1042940
M03	91500000	92000000	0.1001740
M03	92000000	92500000	0.1223800
M03	92500000	93000000	0.0832000
M03	93000000	93500000	0.0677340
M03	93500000	94000000	0.0814100
M03	94000000	94500000	0.0750120
M03	94500000	95000000	0.0471700
M03	95000000	95500000	0.0616960
M03	95500000	96000000	0.1361160
M03	96000000	96500000	0.1202160
M03	96500000	97000000	0.1742700
M03	97000000	97500000	0.0586540
M03	97500000	98000000	0.0950440
M03	98000000	98500000	0.0688020
M03	98500000	99000000	0.0498800
M03	99000000	99500000	0.0098740
M03	99500000	100000000	0.0110160
M03	100000000	100500000	0.0019320
M03	100500000	101000000	0.0184240
M03	101000000	101500000	0.1203920
M03	101500000	102000000	0.2146280
M03	102000000	102500000	0.0839700
M03	102500000	103000000	0.0742060
M03	103000000	103500000	0.1685460
M03	103500000	104000000	0.0808760
M03	104000000	104500000	0.0612700
M03	104500000	105000000	0.0686400
M03	105000000	105500000	0.0870980
M03	105500000	106146174	0.1543671
M04	0	500000	0.0244580
M04	500000	1000000	0.0389180
M04	1000000	1500000	0.1298900
M04	1500000	2000000	0.0459300
M04	2000000	2500000	0.0539680
M04	2500000	3000000	0.0440580
M04	3000000	3500000	0.0486880
M04	3500000	4000000	0.0241180
M04	4000000	4500000	0.0686720
M04	4500000	5000000	0.1922080
M04	5000000	5500000	0.0787600
M04	5500000	6000000	0.1357200
M04	6000000	6500000	0.1132980
M04	6500000	7000000	0.1424280
M04	7000000	7500000	0.1120720
M04	7500000	8000000	0.1160860
M04	8000000	8500000	0.2371720
M04	8500000	9000000	0.1046080
M04	9000000	9500000	0.1305780
M04	9500000	10000000	0.1591780
M04	10000000	10500000	0.2546200
M04	10500000	11000000	0.1372860
M04	11000000	11500000	0.1169040
M04	11500000	12000000	0.1249800
M04	12000000	12500000	0.1832900
M04	12500000	13000000	0.1909900
M04	13000000	13500000	0.2506940
M04	13500000	14000000	0.1273680
M04	14000000	14500000	0.1880740
M04	14500000	15000000	0.1884280
M04	15000000	15500000	0.2859660
M04	15500000	16000000	0.1681900
M04	16000000	16500000	0.1812640
M04	16500000	17000000	0.1948020
M04	17000000	17500000	0.3183680
M04	17500000	18000000	0.2215340
M04	18000000	18500000	0.2073260
M04	18500000	19000000	0.2008820
M04	19000000	19500000	0.2536440
M04	19500000	20000000	0.1590640
M04	20000000	20500000	0.1310860
M04	20500000	21000000	0.2810220
M04	21000000	21500000	0.2677600
M04	21500000	22000000	0.1715640
M04	22000000	22500000	0.2140480
M04	22500000	23000000	0.1740440
M04	23000000	23500000	0.2217180
M04	23500000	24000000	0.3012060
M04	24000000	24500000	0.1469400
M04	24500000	25000000	0.2326520
M04	25000000	25500000	0.3626680
M04	25500000	26000000	0.4119900
M04	26000000	26500000	0.3454740
M04	26500000	27000000	0.3725760
M04	27000000	27500000	0.4130300
M04	27500000	28000000	0.4225940
M04	28000000	28500000	0.2939560
M04	28500000	29000000	0.2541960
M04	29000000	29500000	0.2171340
M04	29500000	30000000	0.2139960
M04	30000000	30500000	0.3826820
M04	30500000	31000000	0.4317960
M04	31000000	31500000	0.4601440
M04	31500000	32000000	0.4546300
M04	32000000	32500000	0.3630580
M04	32500000	33000000	0.4178920
M04	33000000	33500000	0.4914300
M04	33500000	34000000	0.3819840
M04	34000000	34500000	0.5143860
M04	34500000	35000000	0.4531100
M04	35000000	35500000	0.4850880
M04	35500000	36000000	0.3585640
M04	36000000	36500000	0.3337740
M04	36500000	37000000	0.3519120
M04	37000000	37500000	0.3974040
M04	37500000	38000000	0.3165100
M04	38000000	38500000	0.3465740
M04	38500000	39000000	0.4291220
M04	39000000	39500000	0.3773400
M04	39500000	40000000	0.2994760
M04	40000000	40500000	0.3173060
M04	40500000	41000000	0.3458880
M04	41000000	41500000	0.1575460
M04	41500000	42000000	0.2842800
M04	42000000	42500000	0.2674940
M04	42500000	43000000	0.5226140
M04	43000000	43500000	0.4409960
M04	43500000	44000000	0.4592740
M04	44000000	44500000	0.4933900
M04	44500000	45000000	0.5309600
M04	45000000	45500000	0.5064020
M04	45500000	46000000	0.5253180
M04	46000000	46500000	0.4622340
M04	46500000	47000000	0.4349860
M04	47000000	47500000	0.3669740
M04	47500000	48000000	0.3769340
M04	48000000	48500000	0.3290300
M04	48500000	49000000	0.3165940
M04	49000000	49500000	0.2359780
M04	49500000	50000000	0.4422520
M04	50000000	50500000	0.4295300
M04	50500000	51000000	0.2716840
M04	51000000	51500000	0.2646220
M04	51500000	52000000	0.3738940
M04	52000000	52500000	0.3765220
M04	52500000	53000000	0.2630420
M04	53000000	53500000	0.4107560
M04	53500000	54000000	0.3275660
M04	54000000	54500000	0.4713520
M04	54500000	55000000	0.4814760
M04	55000000	55500000	0.3141480
M04	55500000	56000000	0.3714900
M04	56000000	56500000	0.4566840
M04	56500000	57000000	0.2700100
M04	57000000	57500000	0.1385060
M04	57500000	58000000	0.3401540
M04	58000000	58500000	0.1843520
M04	58500000	59000000	0.1650140
M04	59000000	59500000	0.1177860
M04	59500000	60000000	0.2432140
M04	60000000	60500000	0.1942320
M04	60500000	61000000	0.1224680
M04	61000000	61500000	0.0904460
M04	61500000	62000000	0.1426480
M04	62000000	62500000	0.3861400
M04	62500000	63000000	0.3758320
M04	63000000	63500000	0.1759660
M04	63500000	64000000	0.1008080
M04	64000000	64500000	0.1665740
M04	64500000	65000000	0.2165260
M04	65000000	65500000	0.1813700
M04	65500000	66000000	0.1415260
M04	66000000	66500000	0.1672980
M04	66500000	67000000	0.1237460
M04	67000000	67500000	0.1433300
M04	67500000	68000000	0.1652640
M04	68000000	68500000	0.1187800
M04	68500000	69000000	0.1075500
M04	69000000	69500000	0.0902380
M04	69500000	70000000	0.1521020
M04	70000000	70500000	0.1367640
M04	70500000	71000000	0.1134820
M04	71000000	71500000	0.1094380
M04	71500000	72000000	0.1323640
M04	72000000	72500000	0.0653940
M04	72500000	73000000	0.1116700
M04	73000000	73500000	0.0760280
M04	73500000	74000000	0.1409880
M04	74000000	74500000	0.0780380
M04	74500000	75000000	0.0843980
M04	75000000	75500000	0.1122920
M04	75500000	76000000	0.0763420
M04	76000000	76500000	0.1340080
M04	76500000	77000000	0.0943120
M04	77000000	77500000	0.0814820
M04	77500000	78000000	0.1445540
M04	78000000	78500000	0.0542760
M04	78500000	79000000	0.0692140
M04	79000000	79500000	0.0364540
M04	79500000	80000000	0.0686740
M04	80000000	80500000	0.0519500
M04	80500000	81000000	0.0635940
M04	81000000	81500000	0.2124020
M04	81500000	82000000	0.0544880
M04	82000000	82500000	0.0899460
M04	82500000	83000000	0.0938640
M04	83000000	83500000	0.0523720
M04	83500000	84000000	0.0333780
M04	84000000	84500000	0.0926560
M04	84500000	85000000	0.0440580
M04	85000000	85500000	0.0710900
M04	85500000	86000000	0.0986700
M04	86000000	86855550	0.0921033
M05	0	500000	0.2715160
M05	500000	1000000	0.2278140
M05	1000000	1500000	0.2902200
M05	1500000	2000000	0.1473660
M05	2000000	2500000	0.3059500
M05	2500000	3000000	0.1778960
M05	3000000	3500000	0.1449640
M05	3500000	4000000	0.1245440
M05	4000000	4500000	0.1620620
M05	4500000	5000000	0.1603560
M05	5000000	5500000	0.1404460
M05	5500000	6000000	0.2206900
M05	6000000	6500000	0.3716860
M05	6500000	7000000	0.1907740
M05	7000000	7500000	0.1842800
M05	7500000	8000000	0.1689360
M05	8000000	8500000	0.0713800
M05	8500000	9000000	0.3027080
M05	9000000	9500000	0.2833240
M05	9500000	10000000	0.2100380
M05	10000000	10500000	0.1339800
M05	10500000	11000000	0.1518640
M05	11000000	11500000	0.1353720
M05	11500000	12000000	0.1900900
M05	12000000	12500000	0.1338220
M05	12500000	13000000	0.1615140
M05	13000000	13500000	0.3471100
M05	13500000	14000000	0.2323000
M05	14000000	14500000	0.4462200
M05	14500000	15000000	0.2867460
M05	15000000	15500000	0.1547120
M05	15500000	16000000	0.3052660
M05	16000000	16500000	0.2836660
M05	16500000	17000000	0.2425860
M05	17000000	17500000	0.3133900
M05	17500000	18000000	0.1953180
M05	18000000	18500000	0.3295960
M05	18500000	19000000	0.3502520
M05	19000000	19500000	0.2461340
M05	19500000	20000000	0.4962680
M05	20000000	20500000	0.3716680
M05	20500000	21000000	0.2616560
M05	21000000	21500000	0.2990900
M05	21500000	22000000	0.4180140
M05	22000000	22500000	0.5798280
M05	22500000	23000000	0.3304300
M05	23000000	23500000	0.5337780
M05	23500000	24000000	0.4414920
M05	24000000	24500000	0.3082020
M05	24500000	25000000	0.3811260
M05	25000000	25500000	0.3930920
M05	25500000	26000000	0.3570700
M05	26000000	26500000	0.4755080
M05	26500000	27000000	0.4676240
M05	27000000	27500000	0.2707360
M05	27500000	28000000	0.5118460
M05	28000000	28500000	0.4051740
M05	28500000	29000000	0.3594260
M05	29000000	29500000	0.3879940
M05	29500000	30000000	0.2653380
M05	30000000	30500000	0.4323160
M05	30500000	31000000	0.2949800
M05	31000000	31500000	0.4654300
M05	31500000	32000000	0.2477160
M05	32000000	32500000	0.3417200
M05	32500000	33000000	0.4608920
M05	33000000	33500000	0.2986920
M05	33500000	34000000	0.3713180
M05	34000000	34500000	0.4981160
M05	34500000	35000000	0.4474380
M05	35000000	35500000	0.4633300
M05	35500000	36000000	0.4195360
M05	36000000	36500000	0.3742940
M05	36500000	37000000	0.5974660
M05	37000000	37500000	0.4854000
M05	37500000	38000000	0.3443180
M05	38000000	38500000	0.2024660
M05	38500000	39000000	0.3827080
M05	39000000	39500000	0.2483080
M05	39500000	40000000	0.3506200
M05	40000000	40500000	0.2465620
M05	40500000	41000000	0.2596460
M05	41000000	41500000	0.2553420
M05	41500000	42000000	0.2438720
M05	42000000	42500000	0.3520040
M05	42500000	43000000	0.2093500
M05	43000000	43500000	0.2257480
M05	43500000	44000000	0.2996840
M05	44000000	44500000	0.4145680
M05	44500000	45000000	0.2121580
M05	45000000	45500000	0.2647020
M05	45500000	46000000	0.1640940
M05	46000000	46500000	0.3255320
M05	46500000	47000000	0.2016800
M05	47000000	47500000	0.2483280
M05	47500000	48000000	0.1866240
M05	48000000	48500000	0.1875520
M05	48500000	49000000	0.1253460
M05	49000000	49500000	0.2332020
M05	49500000	50000000	0.2308080
M05	50000000	50500000	0.1413320
M05	50500000	51000000	0.1195100
M05	51000000	51500000	0.2412720
M05	51500000	52000000	0.4088280
M05	52000000	52500000	0.0661460
M05	52500000	53000000	0.0948840
M05	53000000	53500000	0.1346480
M05	53500000	54000000	0.0881120
M05	54000000	54500000	0.1213600
M05	54500000	55000000	0.1181640
M05	55000000	55500000	0.0925240
M05	55500000	56000000	0.0799100
M05	56000000	56500000	0.1414180
M05	56500000	57000000	0.1028540
M05	57000000	57500000	0.1451460
M05	57500000	58000000	0.2067640
M05	58000000	58500000	0.1025840
M05	58500000	59000000	0.0785600
M05	59000000	59500000	0.1111180
M05	59500000	60000000	0.0459100
M05	60000000	60500000	0.1171720
M05	60500000	61000000	0.1156720
M05	61000000	61500000	0.0991620
M05	61500000	62000000	0.0424680
M05	62000000	62500000	0.1230200
M05	62500000	63000000	0.0919260
M05	63000000	63500000	0.1069200
M05	63500000	64000000	0.0371160
M05	64000000	64500000	0.0024480
M05	64500000	65000000	0.0803160
M05	65000000	65500000	0.1070400
M05	65500000	66000000	0.0910860
M05	66000000	66500000	0.0532560
M05	66500000	67000000	0.0805940
M05	67000000	67500000	0.0689700
M05	67500000	68000000	0.0697540
M05	68000000	68500000	0.0429120
M05	68500000	69000000	0.0531380
M05	69000000	69500000	0.0791320
M05	69500000	70000000	0.0407340
M05	70000000	70500000	0.1017360
M05	70500000	71000000	0.0460960
M05	71000000	71500000	0.0831900
M05	71500000	72000000	0.0446880
M05	72000000	72500000	0.0381260
M05	72500000	73167491	0.0313442
M06	0	500000	0.3018340
M06	500000	1000000	0.1522620
M06	1000000	1500000	0.2008920
M06	1500000	2000000	0.1892040
M06	2000000	2500000	0.1321140
M06	2500000	3000000	0.2358480
M06	3000000	3500000	0.2759340
M06	3500000	4000000	0.3063780
M06	4000000	4500000	0.1927260
M06	4500000	5000000	0.3618700
M06	5000000	5500000	0.2452540
M06	5500000	6000000	0.3961980
M06	6000000	6500000	0.6850140
M06	6500000	7000000	0.3507140
M06	7000000	7500000	0.2717440
M06	7500000	8000000	0.3505760
M06	8000000	8500000	0.3477040
M06	8500000	9000000	0.4165940
M06	9000000	9500000	0.3673140
M06	9500000	10000000	0.2037820
M06	10000000	10500000	0.2652960
M06	10500000	11000000	0.2100720
M06	11000000	11500000	0.2509420
M06	11500000	12000000	0.3194940
M06	12000000	12500000	0.2117920
M06	12500000	13000000	0.2381140
M06	13000000	13500000	0.2043500
M06	13500000	14000000	0.2718540
M06	14000000	14500000	0.1936260
M06	14500000	15000000	0.0959780
M06	15000000	15500000	0.0593580
M06	15500000	16000000	0.1216080
M06	16000000	16500000	0.1771300
M06	16500000	17000000	0.2333900
M06	17000000	17500000	0.2999000
M06	17500000	18000000	0.3722180
M06	18000000	18500000	0.2007080
M06	18500000	19000000	0.3262160
M06	19000000	19500000	0.2667100
M06	19500000	20000000	0.2133980
M06	20000000	20500000	0.1776480
M06	20500000	21000000	0.3071520
M06	21000000	21500000	0.3627280
M06	21500000	22000000	0.3347800
M06	22000000	22500000	0.2320400
M06	22500000	23000000	0.3797560
M06	23000000	23500000	0.3717120
M06	23500000	24000000	0.4978480
M06	24000000	24500000	0.4253100
M06	24500000	25000000	0.3009000
M06	25000000	25500000	0.4159600
M06	25500000	26000000	0.2202840
M06	26000000	26500000	0.1324740
M06	26500000	27000000	0.3111220
M06	27000000	27500000	0.4560080
M06	27500000	28000000	0.5012460
M06	28000000	28500000	0.4279500
M06	28500000	29000000	0.4702420
M06	29000000	29500000	0.1593560
M06	29500000	30000000	0.1050780
M06	30000000	30500000	0.2154280
M06	30500000	31000000	0.4332120
M06	31000000	31500000	0.4318240
M06	31500000	32000000	0.4230460
M06	32000000	32500000	0.5819060
M06	32500000	33000000	0.5425460
M06	33000000	33500000	0.4978020
M06	33500000	34000000	0.4349280
M06	34000000	34500000	0.4883220
M06	34500000	35000000	0.5184920
M06	35000000	35500000	0.4599340
M06	35500000	36000000	0.4022620
M06	36000000	36500000	0.3934540
M06	36500000	37000000	0.3571600
M06	37000000	37500000	0.4202120
M06	37500000	38000000	0.4423140
M06	38000000	38500000	0.3208440
M06	38500000	39000000	0.2927080
M06	39000000	39500000	0.2901860
M06	39500000	40000000	0.3156280
M06	40000000	40500000	0.3562040
M06	40500000	41000000	0.3022040
M06	41000000	41500000	0.2111580
M06	41500000	42000000	0.1768520
M06	42000000	42500000	0.2223960
M06	42500000	43000000	0.2014020
M06	43000000	43500000	0.1164920
M06	43500000	44000000	0.2567900
M06	44000000	44500000	0.1288600
M06	44500000	45000000	0.1493900
M06	45000000	45500000	0.2223140
M06	45500000	46000000	0.1090340
M06	46000000	46500000	0.1568200
M06	46500000	47000000	0.1130140
M06	47000000	47500000	0.1363280
M06	47500000	48000000	0.1533400
M06	48000000	48500000	0.1036920
M06	48500000	49000000	0.0594420
M06	49000000	49500000	0.2003900
M06	49500000	50000000	0.2899640
M06	50000000	50500000	0.1044420
M06	50500000	51000000	0.1619440
M06	51000000	51500000	0.3001760
M06	51500000	52000000	0.1972220
M06	52000000	52500000	0.1221840
M06	52500000	53000000	0.1804480
M06	53000000	53500000	0.1286600
M06	53500000	54000000	0.0946680
M06	54000000	54500000	0.0627660
M06	54500000	55000000	0.1071660
M06	55000000	55500000	0.0940680
M06	55500000	56000000	0.0930360
M06	56000000	56500000	0.1211820
M06	56500000	57000000	0.0768620
M06	57000000	57500000	0.0578060
M06	57500000	58000000	0.0620460
M06	58000000	58500000	0.1518360
M06	58500000	59000000	0.1321480
M06	59000000	59500000	0.0759440
M06	59500000	60000000	0.1076540
M06	60000000	60500000	0.0945420
M06	60500000	61000000	0.1785100
M06	61000000	61500000	0.0442540
M06	61500000	62000000	0.0719980
M06	62000000	62500000	0.0601340
M06	62500000	63000000	0.0706380
M06	63000000	63500000	0.0701080
M06	63500000	64000000	0.0612520
M06	64000000	64500000	0.0756260
M06	64500000	65000000	0.0788720
M06	65000000	65891284	0.1407879
